0.19592030
0.24391099
0.52789918
-0.03709393
0.26015693
0.07102123
0.12223039
0.41611764
0.29595136
0.47108484
0.19536667
0.39303056
0.47245376
0.35166925
0.59619328
0.13781245
0.52073417
0.54242249
0.24066295
0.26974335
0.44103612
0.09679965
0.58216408
0.56605448
0.46396435
0.47402962
0.57825496
0.77553386
0.10820230
0.46736319
0.56893301
0.42876386
0.51802202
0.70419981
0.65862760
0.83847180
0.21844384
0.38831240
0.39722909
0.04955842
0.28185808
0.39876171
0.44635381
0.35826840
0.37088343
0.14608307
0.30654046
0.36302923
0.12927490
0.25161195
0.41015934
0.39724798
0.38669417
0.40867177
0.52741070
0.12480975
0.34684293
0.44402008
0.02257358
0.14847947
0.35683268
0.47733416
0.41511077
0.42998552
0.56726513
0.57441260
0.15299367
0.36253742
0.38842470
0.07802408
0.32155995
0.43788818
0.46357144
0.41604334
0.41931655
0.51511993
0.50828586
0.62723638
0.15269724
0.30727675
0.42753184
-0.00713027
0.21347375
0.34264128
0.55899137
0.47750262
0.42388175
0.45840531
0.41009963
0.47732898
0.52953423
0.19321247
0.32560761
0.43579897
-0.06360113
0.17599429
0.33069671
0.49601134
0.37119041
0.36050280
0.52187027
0.49081553
0.60700041
0.61392185
0.69348076
0.16896151
0.48659774
0.47838369
0.26930626
0.25603849
0.38223687
0.69331600
0.66177578
0.53792174
0.42225428
0.36734879
0.45311920
0.37778384
0.48533062
0.42752089
0.12125310
0.34193951
0.41408732
-0.00370071
0.10297045
0.24928885
0.48577706
0.41778029
0.37080065
0.45950285
0.43441440
0.66295975
0.48182533
0.47803267
0.56007202
0.56570478
0.22146823
0.47004707
0.52952032
0.16787572
0.31437150
0.42993983
0.61752194
0.63784889
0.54293592
0.46933954
0.42009543
0.50388663
0.45291560
0.53731202
0.50890019
0.70996508
0.66448640
0.13593025
0.31303826
0.39429321
0.00222757
0.13938906
0.24273398
0.54844255
0.47529134
0.36881882
0.39996165
0.37066274
0.48089801
0.43208650
0.70178902
0.59019209
0.60158610
0.65970092
0.68452186
0.21849801
0.29656159
0.39171396
0.18650794
0.34350718
0.46692526
0.34004635
0.38791102
0.44889237
0.34871357
0.35550924
0.40846052
0.37521824
0.29707823
0.33590673
0.36433374
0.43223760
0.57558257
0.33694632
0.12393840
0.29333270
0.39927753
0.04687847
0.21430094
0.37431274
0.48640854
0.45311079
0.43783316
0.39976611
0.45298692
0.59682650
0.48917774
0.57851567
0.61115325
0.44996788
0.61135608
0.59082559
0.62417500
0.51589475
0.17072735
0.33678227
0.36233263
-0.03338585
0.12933827
0.22959055
0.36674086
0.31103212
0.30198125
0.41995528
0.32469746
0.50159995
0.37802178
0.32964113
0.42798010
0.46902776
0.64188462
0.57921530
0.43957363
0.32037743
0.35796532
0.20797429
0.30922886
0.39929360
-0.02579836
0.18403753
0.31395548
0.39240069
0.32557665
0.32290998
0.44365038
0.38124223
0.53654700
0.45286166
0.43283940
0.52229328
0.43048693
0.61548588
0.61170914
0.51619804
0.55670543
0.56756724
0.53229982
0.04465857
0.29734753
0.37177485
0.12816779
0.11959557
0.30387436
0.39902287
0.41446930
0.45347118
0.37014092
0.38745190
0.61154575
0.34232438
0.21935716
0.30496093
0.42307342
0.64827267
0.47868603
0.32913029
0.50982206
0.46523497
0.54669976
0.48650198
0.11383796
0.28842251
0.37124968
0.08783781
0.15502002
0.32892073
0.36032496
0.36684405
0.39945365
0.45401997
0.43509881
0.54797723
0.37803206
0.29170106
0.35826789
0.35488275
0.47859540
0.39225513
0.31509630
0.34418650
0.39836522
0.39392545
0.37571552
0.57870817
0.02942321
0.27651191
0.32714212
0.08197578
0.13163416
0.29800859
0.31970472
0.35769480
0.39931589
0.35815934
0.38413970
0.57712051
0.35149908
0.17802240
0.30029001
0.31238929
0.48656687
0.34915937
0.23421822
0.34222926
0.34714168
0.48492644
0.37900065
0.67920195
0.52682618
0.03138478
0.22860692
0.26414368
0.28032312
0.29683398
0.39922162
0.31905132
0.40435996
0.45750061
0.28257653
0.28501637
0.34269353
0.24558863
0.17906777
0.16489706
0.32484802
0.28975853
0.36372437
0.20836511
0.54567970
0.33342784
0.20778915
0.37557477
0.54609994
0.33214836
0.47102890
0.15485831
0.29382905
0.33181945
0.15686124
0.31386374
0.45957240
0.32190390
0.35722669
0.42581975
0.41954096
0.39888501
0.43920153
0.41957771
0.30897124
0.38062559
0.34300484
0.38080612
0.41955644
0.29150724
0.47941507
0.37644944
0.41491246
0.45292135
0.46340639
0.39895008
0.47386053
0.51191571
0.16125608
0.32779930
0.41788500
0.20155637
0.30749285
0.49959699
0.42460246
0.45587669
0.51936933
0.44728563
0.45976385
0.54058546
0.43159766
0.34220045
0.40961266
0.42243160
0.48147033
0.51627036
0.35251267
0.59854963
0.50356445
0.37228003
0.48437468
0.60365955
0.47964110
0.48987065
0.54853826
0.52527512
0.10065229
0.30696196
0.36252055
-0.05285852
0.10676853
0.26783875
0.40054159
0.34698961
0.34920697
0.40093749
0.38495402
0.55841545
0.46215883
0.41596635
0.52450287
0.36057765
0.50569719
0.43351961
0.41638858
0.30058076
0.44748467
0.50346146
0.51121626
0.42947958
0.36675881
0.44133622
0.26887735
0.42858294
0.38118478
0.08454104
0.10352459
0.09312541
0.11742339
0.15255544
0.13668610
0.08797214
0.12388331
0.13050625
0.13643025
0.10727111
0.14432152
0.15155198
0.09342158
0.08701122
0.15280911
0.18459820
0.17823619
0.11118910
0.14886282
0.10685331
0.23149528
0.12374348
0.18382388
0.17277618
0.15396782
0.08299825
0.18443677
0.14650736
0.10385059
0.22508626
0.18011932
0.21137793
-0.03684439
0.06151305
0.13155591
0.22966222
0.13244582
0.10118431
0.25437828
0.15109857
0.19562484
0.19832526
0.26333441
0.25510572
0.24728180
0.20635038
0.19838604
0.23529772
0.12082434
0.17058028
0.21541914
0.18588904
0.10120593
0.18991672
0.06756898
-0.00193428
0.14703798
0.11699854
0.19433695
0.09173578
0.13636271
0.07576814
0.06537126
0.09832876
0.17417723
0.10633977
-0.00145349
-0.00170018
0.02856302
0.11326150
0.04336515
-0.02121726
0.06708001
0.09953236
0.06421768
0.14776406
0.06412113
0.19203941
0.10316980
0.08755389
-0.00671500
0.28179989
0.07709108
0.01699397
0.03884341
-0.02249583
0.03148867
0.13628379
0.06568507
0.00030989
0.19659095
0.19525472
0.17683770
0.22820395
0.23952270
0.14254681
0.26408716
0.27478525
0.16182661
0.17086882
0.24655755
0.28881647
0.22225592
0.20908860
0.24002432
0.20029954
0.23683820
0.35653899
0.37078301
0.50275486
0.29614309
0.36158624
0.19858643
0.60264916
0.33921738
0.31100380
0.22335572
0.22129780
0.20608317
0.36134316
0.31363247
0.19301255
0.25405250
0.15547696
0.52062080
0.17038403
0.29507927
0.32164931
0.18914630
0.28417207
0.35142976
0.29339131
0.30201380
0.34919763
0.37218931
0.32623310
0.36801550
0.30043573
0.27618269
0.29523703
0.44859715
0.46850498
0.49783583
0.32842948
0.39768018
0.28807488
0.66079794
0.41109108
0.48918916
0.37867584
0.38604460
0.38478131
0.47390186
0.42118912
0.31380851
0.29336541
0.20838624
0.42399287
0.69570738
0.10814143
0.12159553
0.10279148
0.35123626
0.31825221
0.34428354
0.03947692
0.15659372
0.27410736
0.14976422
0.14196560
0.05706669
0.07264717
-0.03062514
-0.02621290
0.12538868
0.01808870
0.21460333
-0.01344768
0.42225506
0.06991100
0.03095891
0.14398879
0.20898036
0.12120096
0.14082773
0.46826868
0.34055360
0.38467805
-0.00879385
0.11451915
-0.01189846
0.17524581
0.39405552
0.30127446
0.01049021
0.10601868
0.04873573
0.26797843
0.25151391
0.25047685
0.08027602
0.13877243
0.18719928
0.14769971
0.09808605
0.03310940
0.08235269
0.04511543
0.02277970
0.10144893
0.00146996
0.09838264
0.02859463
0.15439042
0.05034813
-0.00214179
0.03011406
0.07247068
0.06724222
0.06348395
0.26555620
0.21757728
0.21943864
0.01093570
0.09382867
0.01632325
0.16808767
0.22069455
0.20776150
0.48766337
0.16960652
0.24053182
0.21422357
-0.09427515
0.05818132
0.08462510
0.28818160
0.12811178
0.05335246
0.27939525
0.13611209
0.15956140
0.22844125
0.35132785
0.31923300
0.24593469
0.15759403
0.15113287
0.28920763
0.02312063
0.16449206
0.17999347
0.15930978
-0.01615266
0.09678415
-0.01571314
-0.05092714
0.11609072
0.03084573
0.22163074
0.05929504
0.49342711
0.21987711
0.08246489
0.14132584
-0.10022281
0.06683129
0.10959106
0.29560186
0.27060356
-0.03795908
0.08331007
0.16495395
0.33572565
0.21471522
0.18366964
0.35249151
0.22081040
0.26377522
0.27541002
0.35762377
0.34095496
0.33919599
0.25126965
0.25407813
0.34173608
0.08102260
0.20160134
0.35897788
0.21070225
0.20249617
0.20349672
0.18925069
0.15961969
0.26623308
0.16477978
0.31764959
0.06157253
0.37071682
0.30384284
0.24808214
0.31522216
-0.00053532
0.11071034
0.64787690
0.19865075
0.39006980
0.49128207
-0.09900585
0.12276321
0.30946309
0.57529996
0.41056102
0.39400181
0.52929850
0.41363644
0.55041712
0.46962122
0.54113103
0.53667463
0.51802285
0.53298712
0.51128797
0.52840123
0.35827041
0.48120826
0.51997694
0.47497148
0.47834308
0.43444470
0.37040932
0.27315579
0.37679852
0.42845850
0.47420956
0.12783618
0.39265585
0.18191749
0.32253675
0.42849674
0.03635508
0.03809097
0.54084144
0.63855323
0.17141347
0.20103097
0.15031105
0.05485165
0.22935590
0.21171203
0.16800681
0.02543096
0.05675408
0.25248072
0.11300178
0.02826607
0.21487309
0.22542652
0.21277183
0.20160588
0.08742927
0.18389482
0.19074344
0.21498619
0.08778743
0.24630370
0.17857659
0.01953095
0.02619498
-0.03563647
0.14033954
0.24197084
0.13024378
0.08337403
0.12917078
0.32082880
0.46698364
0.48915077
0.40737605
0.24186638
0.26965645
0.55304143
0.59905134
0.40025759
0.06814245
0.18122194
0.08809675
-0.00743953
0.09409634
0.11582171
0.13003793
0.07376590
0.04975820
0.20487377
0.09916193
0.04963809
0.16518815
0.08949297
0.14115161
0.09561250
0.04633635
0.02995077
0.04872704
-0.02675720
-0.01041074
0.17589972
0.04827053
0.04057285
0.09020497
0.11604772
0.03692557
0.17114863
0.02752845
0.12891114
0.10554430
0.18423539
0.10462127
0.10292709
0.16563880
-0.00524163
0.09345400
0.32337931
0.37023118
0.21339683
0.36170568
0.03525426
0.18035499
0.10886969
0.08382598
0.09638242
0.08908213
0.14839451
0.08850722
0.07586117
0.16005351
0.06390565
0.06892377
0.09962236
0.11831237
0.09921038
0.20257940
0.13474794
0.12485828
0.12598989
-0.03262611
-0.00063446
0.42444383
0.06288152
0.18710828
0.11934005
0.18129730
0.07783552
0.20236564
0.05727426
0.16631451
0.21607768
0.24992743
0.44017250
0.37851910
0.50147192
-0.02124940
0.13244082
0.37346258
0.61202212
0.33750431
0.55058317
0.41075506
0.13131183
0.07093476
-0.01010433
0.05043203
0.19992697
0.13405393
0.04607026
-0.04319795
-0.07328341
0.13682157
0.01935033
-0.11069960
0.08085772
0.12921447
0.09159635
0.01381730
-0.11418255
-0.05046573
0.02828304
-0.01500213
-0.02356871
-0.10384632
-0.02168197
-0.27851766
-0.10695782
-0.20830036
-0.05753345
0.09589099
-0.04966952
-0.03420617
0.11689124
0.18915750
0.15610458
0.00437539
0.04020375
0.03882273
0.19265808
0.37813668
0.17262556
0.04434406
0.42139474
0.28748685
0.15825006
0.03082862
0.12640701
0.04412019
0.24674355
0.24495703
0.20028273
0.07770234
0.05248662
0.09808909
0.16554639
0.05303208
-0.05035574
0.04529158
0.04490226
0.00591396
0.10126564
-0.08702934
0.06402479
-0.00196962
0.14585629
-0.03050771
0.01824176
0.04267923
-0.02368482
-0.02575058
-0.00911972
0.33801512
0.20916314
0.12998702
-0.03693702
0.09759413
0.06320159
0.28904756
0.27291477
0.28429526
0.43681031
0.37357138
0.18240377
0.32509546
0.07108402
0.53484848
0.25285686
0.32876987
0.30282698
0.04140123
0.14184538
0.06517442
0.05077554
0.17569658
0.11365079
0.16008514
0.05070408
0.01054813
0.17016406
0.03113314
-0.05026564
0.10514368
0.19392892
0.14465704
0.13250726
-0.00616901
0.02726497
0.13321229
-0.04175549
0.00941308
0.10765968
0.03205108
-0.09382440
-0.03471102
-0.07007292
0.09575499
0.16085875
-0.02256903
0.09770740
0.09248335
0.27532831
0.27388121
0.13157040
0.24292804
0.00153436
0.21676757
0.55374791
0.57091913
0.26364115
0.67878773
0.44717483
0.60478156
0.51580786
0.43755117
0.05792479
0.14076174
0.10605615
0.09388456
0.21860652
0.20649791
0.15662149
0.07558693
0.10968079
0.21359180
0.10662345
0.01420360
0.16879333
0.17616213
0.14619748
0.18039701
0.03715982
0.15023096
0.14373613
0.18937702
0.05963165
0.19034829
0.16827284
0.04016276
0.01507291
0.02872022
0.28306779
0.29427836
0.14478563
0.11607502
0.07105447
0.17055247
0.31597006
0.35335801
0.35657669
0.25885976
0.27582610
0.36396094
0.52516164
0.29504777
0.72525281
0.35488962
0.46450214
0.30073947
0.53535917
0.61936295
0.16291415
0.06477413
0.04784785
0.03446237
0.22335017
0.18303702
0.03928802
-0.05444290
-0.02691086
0.17683060
0.06639068
-0.06258486
0.13688382
0.15421446
0.14365217
0.06823933
-0.02834181
0.08490566
0.08453406
0.19776456
0.03109118
0.08337127
0.15958385
-0.15631103
-0.07715983
-0.14448542
0.15224544
0.22713114
0.06114142
0.03488048
0.07405234
0.20384869
0.33440787
0.30891052
0.30104882
0.20128677
0.21118245
0.37673910
0.31868655
0.16122716
0.70579074
0.22748178
0.30249664
0.47861975
0.45041481
0.60048188
0.62293093
0.31264846
0.16395825
0.17364164
0.11348885
0.29984106
0.35241407
0.09282175
0.06478721
0.12865988
0.22754324
0.14593774
0.05340863
0.21334909
0.16077869
0.19301775
0.09859709
0.01567847
0.16269623
0.06200017
0.31000956
0.10654631
0.05572230
0.16413269
-0.06956384
0.04338693
-0.05554380
0.07340682
0.19392682
0.19220605
0.03136156
0.11779760
0.19688097
0.21380760
0.23260113
0.20548641
0.26608459
0.18307045
0.21221232
0.09981773
0.14804030
0.39586365
0.11810457
0.05988811
0.38230641
0.23565900
0.21095158
0.25607948
0.41195509
0.12470427
0.06336448
0.01046987
0.11971649
0.26781602
0.19697764
0.06116854
-0.01749342
0.00239748
0.13963284
0.04233471
-0.11925597
0.08721409
0.13873495
0.07431450
0.05029581
-0.13568420
0.04688580
0.05002202
0.16325687
-0.00121666
-0.12908385
0.02435124
-0.25758038
-0.12777628
-0.25897031
0.08006668
0.08531900
0.02560108
-0.07376153
0.04521279
0.18060333
0.18944594
0.13917889
0.08284011
0.29520212
0.31653567
0.36967267
0.17759213
0.08837105
0.57383189
0.17814715
0.06292757
0.57090141
0.44019453
0.48612744
0.45438936
0.59964668
0.45230551
0.23725625
0.15977607
0.56101925
0.02016397
0.20029637
0.46361781
0.16056746
0.56475746
0.47523819
0.47009298
0.23125774
0.57026689
0.43191264
0.25737647
0.68657314
0.11584749
0.62907890
0.76389928
0.57682978
0.65193754
0.55587532
0.10721478
0.60356265
0.60672383
0.45913796
0.75554565
0.63867100
0.80147369
0.20350226
0.41922998
0.30859487
0.08793249
0.38227580
0.41442059
0.30852601
0.29140685
0.15193895
0.37276444
0.29750431
0.12017958
0.36946347
0.39950205
0.29451201
0.33084115
0.54482823
0.11976443
0.37814102
0.29270219
0.00102972
0.31676993
0.38226881
0.25877560
0.31804232
0.52384820
0.56487037
0.17066801
0.36623393
0.28291984
0.09631698
0.35764840
0.37668048
0.29285506
0.28620966
0.49504112
0.49525868
0.56866094
0.10809996
0.42926696
0.40971766
0.22107860
0.49945318
0.48650000
0.49114991
0.50658543
0.43416134
0.42399845
0.48862265
0.49788268
0.21628781
0.44429739
0.44302557
0.04476823
0.35975853
0.37050791
0.39739048
0.35720304
0.43395491
0.34594946
0.37296787
0.47585805
0.42704657
0.18555478
0.49602636
0.52058582
0.16600908
0.45377887
0.44176095
0.50108899
0.49836633
0.42520766
0.42617225
0.46392527
0.44487415
0.47962117
0.65361218
0.20802585
0.38257590
0.34550075
0.04723711
0.33324527
0.36701716
0.29080828
0.27790406
0.47742158
0.41429268
0.47431212
0.53440994
0.42885147
0.66267782
0.59315496
0.35804597
0.52651502
0.44929743
0.07010293
0.43989574
0.49461574
0.40376037
0.41171867
0.42812233
0.38785927
0.38102000
0.42048721
0.37155541
0.50805819
0.54022529
0.44575927
0.19535749
0.51088028
0.54026323
-0.01384183
0.29428794
0.36007563
0.44492121
0.35022511
0.47029369
0.43048424
0.54153130
0.49928533
0.42227446
0.66991157
0.65678998
0.60904672
0.55994596
0.18206497
0.50700708
0.53757004
0.19593569
0.42148407
0.45426065
0.54640290
0.48501781
0.37000884
0.36330761
0.42474536
0.33749318
0.41018073
0.39589450
0.49375598
0.35394507
0.59274095
0.63371764
0.24143012
0.58087768
0.63267793
0.21731710
0.44115419
0.47377846
0.65213869
0.50675884
0.39108455
0.30769156
0.35278810
0.36726362
0.39282358
0.48784025
0.57439122
0.45807584
0.58354496
0.67562637
0.75012197
0.17746222
0.47535378
0.48247896
0.26491718
0.52285173
0.53507714
0.51733453
0.56285013
0.34841986
0.42830845
0.44899752
0.38016803
0.44498335
0.40879815
0.64704478
0.41142538
0.56846645
0.49977633
0.55143803
0.61296539
0.15510697
0.46635025
0.39828597
0.00747269
0.32023346
0.38977859
0.40687189
0.38472409
0.42930157
0.36753715
0.54799637
0.38929638
0.42304625
0.39255607
0.41557524
0.39506523
0.50478537
0.62884701
0.72603376
0.58192381
0.40384041
0.23281393
0.45911116
0.38560352
0.02322727
0.34560510
0.41138516
0.36729495
0.34715163
0.44505349
0.42994543
0.50073254
0.41986497
0.41190643
0.47475427
0.56388238
0.50082094
0.58131316
0.63456108
0.58299254
0.61938343
0.60174879
0.56223093
0.22940905
0.53358877
0.39986292
-0.01278189
0.38696225
0.46503593
0.37022943
0.40247978
0.53564451
0.46247358
0.52727554
0.47079622
0.41808287
0.50887224
0.54253169
0.47191818
0.71990671
0.59468530
0.53417993
0.49732401
0.51866555
0.58157615
0.54636700
0.10783150
0.46036155
0.42249053
0.13871339
0.44069068
0.47308324
0.46124049
0.50565731
0.44736901
0.55428948
0.64344609
0.40317534
0.51508989
0.28166595
0.51413832
0.31794558
0.48968034
0.54122701
0.64102025
0.48266947
0.65746548
0.62482343
0.58288934
0.55672890
0.07698368
0.36056702
0.26182296
0.06444488
0.35675737
0.39947169
0.31846190
0.40988587
0.42007998
0.50534635
0.60601742
0.34097679
0.45072988
0.19481342
0.32790087
0.23871622
0.33385833
0.36888540
0.49494985
0.30526909
0.43766652
0.59023594
0.44182605
0.47168820
0.71983161
0.15170720
0.44403733
0.39007615
0.27420852
0.52772783
0.51755690
0.46445021
0.51671270
0.40737051
0.46722801
0.44961973
0.36165001
0.47041544
0.30392853
0.49874896
0.33926950
0.48939669
0.38191442
0.52790502
0.46932155
0.66788829
0.41553919
0.50816705
0.47812898
0.68294613
0.53210442
0.15912482
0.40107257
0.31510687
0.05374380
0.38879011
0.44134590
0.32767242
0.37977471
0.45505317
0.47375433
0.60567022
0.46373757
0.48631993
0.37046172
0.45381630
0.44925970
0.43612116
0.48976910
0.47312517
0.42455253
0.49773429
0.58352996
0.55322467
0.52020899
0.59286077
0.57812185
0.50828856
0.09803977
0.13127634
0.12428311
0.10023729
0.13367759
0.11011611
0.11371648
0.08956402
0.16134011
0.12619504
0.08704006
0.11380906
0.08317426
0.13739663
0.10710360
0.10209801
0.17681348
0.13863911
0.17674394
0.12910789
0.08197506
0.16436551
0.09075888
0.14316577
0.11675298
0.11090886
0.11685426
0.07820684
0.27281923
0.22194868
0.21299547
-0.00109447
0.13440645
0.18493273
0.13046411
0.14264284
0.20215085
0.16502526
0.13388342
0.14689188
0.11162501
0.26450830
0.18277552
0.19835174
0.34667512
0.23254310
0.17054090
0.17317836
0.12990840
0.18868792
0.19115562
0.33604100
0.09482810
0.12618441
0.11486112
0.14446664
0.13064549
-0.01745358
0.28300803
0.22872129
0.16454218
0.22317796
0.24240789
0.23049989
0.26280702
0.20932666
0.19233337
0.21872559
0.15527896
0.24085249
0.13730063
0.14356289
0.11300213
0.27913693
0.18892350
0.51138965
0.27241754
0.24435509
0.43522254
0.20420505
0.35826820
0.34259088
0.42515541
0.33254051
0.26402572
0.08529554
0.10900594
0.15851462
0.08838545
0.08693780
0.22279392
0.15707861
0.11746541
0.01431440
0.01013747
0.13751030
0.06790332
-0.04066301
0.12592908
0.02684351
0.11769845
0.04709089
0.11480896
0.32560987
0.04756680
0.29476971
0.18580671
0.04587387
0.10260839
0.04322122
0.13924614
-0.07512070
-0.05625865
0.12126788
-0.00608136
0.19028154
0.17838611
0.45052591
0.00217148
0.06568930
0.11673217
0.32813456
0.10507641
0.07993024
0.10595091
0.02930648
0.11659726
0.01650621
-0.07859374
0.01210540
0.07356252
-0.00784883
-0.00543751
-0.01227584
0.09814632
-0.05492201
0.17202653
0.10367391
0.04979473
0.03184888
0.03555329
0.02132645
-0.01853252
0.02892689
0.14633136
-0.02134030
0.13946450
0.00638752
0.50875931
0.55090923
0.15857449
0.36876110
0.33089161
0.21528721
0.37264081
0.38326718
0.36742849
0.39310513
0.27660032
0.28232685
0.34044677
0.23019067
0.32879338
0.22989120
0.31418368
0.19794884
0.46734539
0.35300634
0.71928699
0.47576475
0.41681305
0.65295410
0.40473562
0.38218359
0.56650678
0.53354309
0.49071554
0.41180203
0.21020665
0.13013315
0.57838332
0.34062369
0.31892764
0.04424939
0.34461684
0.31458839
0.26014847
0.39783492
0.39573591
0.39886851
0.44238240
0.26484348
0.29731476
0.32793522
0.23692173
0.39148177
0.13816544
0.32014987
0.14375062
0.30297979
0.20549045
0.44296982
0.36179254
0.54548026
0.35059797
0.38316131
0.35194209
0.54904950
0.49327477
0.57686640
0.41293312
0.02773372
-0.00907430
0.51779737
0.07807255
0.37515332
0.49122533
0.10671221
0.15449559
0.11537416
0.07602246
0.11602476
0.12355585
0.08597407
0.01123185
0.18690404
0.06627736
0.01462453
0.18835998
0.06138122
0.21613289
0.10074377
0.18843916
0.35094717
0.16366578
0.22062006
0.18481163
0.07763924
0.20766959
0.15138490
0.29605121
-0.04904765
-0.02358673
0.03647449
0.10737158
0.12804766
0.21810129
0.44325543
0.52887641
0.42649990
0.19150474
0.11851190
0.08415521
0.13772342
0.14914219
0.29657319
0.28508380
0.23961220
0.21504366
0.21622299
0.13554909
0.14222734
0.05038058
0.09553314
0.18216423
0.07848362
0.12324272
0.05764546
0.12673806
0.00583946
0.15001465
0.11120514
0.16248352
0.01599868
0.04620504
0.07220672
0.12240615
0.10694822
0.27294603
0.08493913
0.08274737
0.06328268
0.22531909
0.31567561
0.29560169
0.19660998
0.23724263
0.12738789
0.08716160
0.26395342
0.18826202
0.19701173
0.36888275
0.35773084
0.26897810
0.27413787
0.32777179
0.26893041
0.22320362
0.27036221
0.29683926
0.18303990
0.17707861
0.19190798
0.28095371
0.13520188
0.27179099
0.21454127
0.25614301
0.27245148
0.22758192
0.29258407
0.26245702
0.34605716
0.35940116
0.33755017
0.10201033
0.10467671
0.41652690
0.22312801
0.32106041
0.32373566
0.41298414
0.33654885
0.26191260
0.22054002
0.26920047
0.24189015
0.38921855
0.42410229
0.38783553
0.29701901
0.33315176
0.23549071
0.20940771
0.08508696
0.18836323
0.23729584
0.13798702
0.24544198
0.14133182
0.42910925
0.08374549
0.35505787
0.34180934
0.43543122
0.10652826
0.24088409
0.28277806
0.23996191
0.14256914
0.45889921
0.16778050
0.08987252
0.09856964
0.35458212
0.56378834
0.47384392
0.34379279
0.45622796
0.29397538
0.45048042
0.33708569
0.15080007
0.10641608
0.07995903
0.04370242
0.03241324
0.05119915
-0.00577453
-0.07942030
0.18652965
0.06551736
-0.01351958
0.15924599
-0.00977530
0.20454460
0.06412584
0.17960742
0.36877339
0.14366771
0.08792020
0.09169826
0.01498658
0.02761977
0.08256627
0.28751688
-0.11688859
-0.12095130
-0.02278171
-0.00195732
0.12797536
0.30722723
0.32715180
0.57837792
0.38367262
0.00884445
-0.04217842
0.73397005
0.12021774
0.22277328
0.28010279
0.21561629
0.09108473
0.16265754
0.14337986
0.07003209
0.05536069
0.05381824
-0.03323570
0.09509451
0.02074191
-0.08049800
0.09496023
-0.02764059
0.25339835
0.11833170
0.16498554
0.30945600
0.14648328
0.16601129
0.16514466
-0.02076581
0.05805821
0.06041643
0.14144344
-0.17556603
-0.15709544
-0.02984893
-0.03060047
0.21431924
0.36031429
0.17640393
0.57444923
0.31395077
0.15828071
-0.13305168
0.44807645
0.17171859
0.09744475
0.23502434
0.56463407
0.25384537
0.30935561
0.20576327
-0.08412967
0.14273333
0.21823661
0.13833897
0.14660789
0.35715265
0.23741740
0.28439196
0.26747928
0.16379193
0.39302576
0.27812812
0.31739909
0.43175330
0.39190337
0.22591572
0.23234520
0.14061130
0.32075747
0.27698087
0.54272237
0.15097586
0.22664075
0.12989146
0.24437063
0.14329011
0.45097264
0.15435880
0.16627379
-0.03618984
0.12479465
-0.01037056
0.26169555
0.01083068
0.11619425
0.07753765
0.34632044
0.29959402
0.14477076
0.37784940
0.24264841
-0.08794534
0.16375578
0.26371576
0.18240810
0.16437316
0.47320220
0.31520942
0.38818343
0.33247735
0.24877068
0.39855498
0.30137503
0.37167847
0.44054403
0.45712223
0.34001710
0.29038741
0.20057209
0.45298812
0.34384759
0.67199821
0.27516645
0.31875839
0.22454388
0.35703616
0.15824035
0.36694519
0.43024563
0.23007142
0.14757674
0.22282740
0.17264266
0.46709661
0.05936695
0.27259367
0.11824738
0.47463418
0.25956853
0.62963175
0.08941581
0.14905129
0.06345079
0.05463095
0.12064255
0.14259131
0.07837628
0.03819189
0.25821245
0.15634434
0.11878726
0.19697160
0.10490632
0.21394029
0.07392701
0.19171430
0.21539499
0.14284130
0.11695889
0.07166008
0.00219124
0.18761694
0.08442699
0.22323305
0.03074795
0.16493214
0.06871238
0.14114015
0.20935485
0.25131847
0.26912380
0.29902430
0.23270384
0.16212354
-0.00998031
0.40463542
0.13879349
0.34949154
0.10057772
0.43584252
0.31644265
0.30605319
0.38798301
0.06223399
0.26203089
0.17572183
0.09805753
0.21648906
0.25022571
0.21626998
0.17380797
0.29680936
0.22162460
0.26748751
0.26504864
0.20628547
0.23944885
0.15481341
0.22992261
0.32721212
0.26305559
0.37877133
0.24366402
0.13212411
0.52444497
0.20021728
0.42960597
0.24829590
0.36594815
0.20317515
0.32177579
0.22016770
0.22228956
0.50910362
0.29921546
0.24456304
0.45067578
0.18420044
0.51164514
0.09078079
0.43924325
0.10473462
0.36072231
0.25801390
0.33980519
0.56889892
0.54932094
0.22025947
0.04564416
0.07951641
0.16343840
0.10772013
0.07657998
0.03232046
-0.06289813
0.18680115
0.06103053
-0.06355104
0.11761286
0.02347753
0.20511410
0.07594812
0.17629241
0.21574631
0.05203918
-0.08735698
0.03333504
-0.01739339
-0.13895715
0.03324524
0.07876920
-0.18784881
-0.18985996
-0.02656374
-0.02883747
0.17399739
0.22943781
-0.09426293
0.30026520
0.20705444
-0.13542298
-0.13670918
0.30194687
0.13982222
0.17310968
0.21447838
0.48777682
0.43897027
0.21267484
0.13424380
0.33881489
0.08894903
0.11579890
0.12430857
0.10092648
0.02384754
0.05348094
0.07182106
0.05080664
-0.04178280
0.18728076
0.03552686
-0.01406362
0.15766131
0.02406620
0.27369833
0.08357314
0.22308858
0.28652587
0.15866283
0.05370716
0.07648043
-0.05066493
0.12141360
0.05249166
0.24486103
-0.14961936
-0.08178203
-0.07555581
0.06655683
0.14150001
0.33089607
0.22694498
0.34778356
0.26688984
0.03996380
-0.07894802
0.66396772
0.06789187
0.29261860
0.07922170
0.68641667
0.48493965
0.33543857
0.43673772
0.51172434
0.49582481
0.48197102
0.22786245
0.06319335
0.03604924
0.15929262
0.14601786
0.11332414
-0.00749486
-0.02069057
0.13486295
0.03725375
-0.05548328
0.11504210
0.03782510
0.12979434
0.09208140
0.12134931
0.37642041
0.02679081
0.15627751
0.18020484
0.15864538
0.01153111
0.18433634
0.12862553
-0.08008508
-0.09543018
0.12871740
0.03288065
0.11636759
0.13024727
0.25158896
0.62585689
0.49303130
0.21384618
0.18595846
0.53264375
0.18530807
0.24655751
0.51814861
0.54613093
0.42669226
0.09797432
0.10700775
0.21572820
0.14807121
0.42798758
0.39406426
0.33686427
0.20086516
0.14740495
0.23157536
0.34184724
0.34034245
0.14749312
0.16618335
0.24204833
0.19028838
0.08632758
0.22989392
0.16571758
0.23292302
0.20580875
0.24570264
0.43176781
0.10594633
0.15175074
0.22687053
0.27708340
0.04404029
0.22700512
0.24265598
0.09417691
0.03644619
0.28215887
0.16390174
0.10843238
0.16017772
0.07402961
0.39238168
0.18723733
0.17787748
0.15678447
0.22880655
0.26219973
0.22269302
0.52597793
0.28203366
0.29952721
0.17690463
0.11650581
0.17568202
0.09391622
0.37259134
0.18735559
0.46418646
0.18356544
0.07030928
0.09994295
0.24959027
0.18757951
0.13740743
0.08601803
0.01665170
0.12809816
0.05482201
-0.10623031
0.10216316
0.04584703
0.15123414
0.09215423
0.13035645
0.27385825
-0.00083368
-0.02553590
0.06113279
0.09283502
-0.18351135
0.02644912
0.09689467
-0.12318709
-0.21527208
0.08374027
-0.06621610
0.10084008
0.18782628
-0.01567743
0.44680145
0.32292740
-0.08201899
0.01343623
0.36635330
0.32751114
0.18292853
0.51367770
0.52040654
0.40403640
0.14025954
0.09797413
0.23309362
0.01583254
0.58244409
0.41893871
0.49695540
0.47576415
