0.19592030
0.24391099
0.52789918
-0.03709393
0.26015693
0.07102123
0.12223039
0.41611764
0.29595136
0.47108484
0.19536667
0.39303056
0.47245376
0.35166925
0.59619328
0.13781245
0.52073417
0.54242249
0.24066295
0.26974335
0.44103612
0.09679965
0.58216408
0.56605448
0.46396435
0.47402962
0.57825496
0.77553386
0.10820230
0.46736319
0.56893301
0.42876386
0.51802202
0.70419981
0.65862760
0.83847180
0.21844384
0.38831240
0.39722909
0.04955842
0.28185808
0.39876171
0.44635381
0.35826840
0.37088343
0.14608307
0.30654046
0.36302923
0.12927490
0.25161195
0.41015934
0.39724798
0.38669417
0.40867177
0.52741070
0.12480975
0.34684293
0.44402008
0.02257358
0.14847947
0.35683268
0.47733416
0.41511077
0.42998552
0.56726513
0.57441260
0.15299367
0.36253742
0.38842470
0.07802408
0.32155995
0.43788818
0.46357144
0.41604334
0.41931655
0.51511993
0.50828586
0.62723638
0.15269724
0.30727675
0.42753184
-0.00713027
0.21347375
0.34264128
0.55899137
0.47750262
0.42388175
0.45840531
0.41009963
0.47732898
0.52953423
0.19321247
0.32560761
0.43579897
-0.06360113
0.17599429
0.33069671
0.49601134
0.37119041
0.36050280
0.52187027
0.49081553
0.60700041
0.61392185
0.69348076
0.16896151
0.48659774
0.47838369
0.26930626
0.25603849
0.38223687
0.69331600
0.66177578
0.53792174
0.42225428
0.36734879
0.45311920
0.37778384
0.48533062
0.42752089
0.12125310
0.34193951
0.41408732
-0.00370071
0.10297045
0.24928885
0.48577706
0.41778029
0.37080065
0.45950285
0.43441440
0.66295975
0.48182533
0.47803267
0.56007202
0.56570478
0.22146823
0.47004707
0.52952032
0.16787572
0.31437150
0.42993983
0.61752194
0.63784889
0.54293592
0.46933954
0.42009543
0.50388663
0.45291560
0.53731202
0.50890019
0.70996508
0.66448640
0.13593025
0.31303826
0.39429321
0.00222757
0.13938906
0.24273398
0.54844255
0.47529134
0.36881882
0.39996165
0.37066274
0.48089801
0.43208650
0.70178902
0.59019209
0.60158610
0.65970092
0.68452186
0.21849801
0.29656159
0.39171396
0.18650794
0.34350718
0.46692526
0.34004635
0.38791102
0.44889237
0.34871357
0.35550924
0.40846052
0.37521824
0.29707823
0.33590673
0.36433374
0.43223760
0.57558257
0.33694632
0.12393840
0.29333270
0.39927753
0.04687847
0.21430094
0.37431274
0.48640854
0.45311079
0.43783316
0.39976611
0.45298692
0.59682650
0.48917774
0.57851567
0.61115325
0.44996788
0.61135608
0.59082559
0.62417500
0.51589475
0.17072735
0.33678227
0.36233263
-0.03338585
0.12933827
0.22959055
0.36674086
0.31103212
0.30198125
0.41995528
0.32469746
0.50159995
0.37802178
0.32964113
0.42798010
0.46902776
0.64188462
0.57921530
0.43957363
0.32037743
0.35796532
0.20797429
0.30922886
0.39929360
-0.02579836
0.18403753
0.31395548
0.39240069
0.32557665
0.32290998
0.44365038
0.38124223
0.53654700
0.45286166
0.43283940
0.52229328
0.43048693
0.61548588
0.61170914
0.51619804
0.55670543
0.56756724
0.53229982
0.04465857
0.29734753
0.37177485
0.12816779
0.11959557
0.30387436
0.39902287
0.41446930
0.45347118
0.37014092
0.38745190
0.61154575
0.34232438
0.21935716
0.30496093
0.42307342
0.64827267
0.47868603
0.32913029
0.50982206
0.46523497
0.54669976
0.48650198
0.11383796
0.28842251
0.37124968
0.08783781
0.15502002
0.32892073
0.36032496
0.36684405
0.39945365
0.45401997
0.43509881
0.54797723
0.37803206
0.29170106
0.35826789
0.35488275
0.47859540
0.39225513
0.31509630
0.34418650
0.39836522
0.39392545
0.37571552
0.57870817
0.02942321
0.27651191
0.32714212
0.08197578
0.13163416
0.29800859
0.31970472
0.35769480
0.39931589
0.35815934
0.38413970
0.57712051
0.35149908
0.17802240
0.30029001
0.31238929
0.48656687
0.34915937
0.23421822
0.34222926
0.34714168
0.48492644
0.37900065
0.67920195
0.52682618
0.03138478
0.22860692
0.26414368
0.28032312
0.29683398
0.39922162
0.31905132
0.40435996
0.45750061
0.28257653
0.28501637
0.34269353
0.24558863
0.17906777
0.16489706
0.32484802
0.28975853
0.36372437
0.20836511
0.54567970
0.33342784
0.20778915
0.37557477
0.54609994
0.33214836
0.47102890
0.15485831
0.29382905
0.33181945
0.15686124
0.31386374
0.45957240
0.32190390
0.35722669
0.42581975
0.41954096
0.39888501
0.43920153
0.41957771
0.30897124
0.38062559
0.34300484
0.38080612
0.41955644
0.29150724
0.47941507
0.37644944
0.41491246
0.45292135
0.46340639
0.39895008
0.47386053
0.51191571
0.16125608
0.32779930
0.41788500
0.20155637
0.30749285
0.49959699
0.42460246
0.45587669
0.51936933
0.44728563
0.45976385
0.54058546
0.43159766
0.34220045
0.40961266
0.42243160
0.48147033
0.51627036
0.35251267
0.59854963
0.50356445
0.37228003
0.48437468
0.60365955
0.47964110
0.48987065
0.54853826
0.52527512
0.10065229
0.30696196
0.36252055
-0.05285852
0.10676853
0.26783875
0.40054159
0.34698961
0.34920697
0.40093749
0.38495402
0.55841545
0.46215883
0.41596635
0.52450287
0.36057765
0.50569719
0.43351961
0.41638858
0.30058076
0.44748467
0.50346146
0.51121626
0.42947958
0.36675881
0.44133622
0.26887735
0.42858294
0.38118478
0.08454104
0.10352459
0.09312541
0.11742339
0.15255544
0.13668610
0.08797214
0.12388331
0.13050625
0.13643025
0.10727111
0.14432152
0.15155198
0.09342158
0.08701122
0.15280911
0.18459820
0.17823619
0.11118910
0.14886282
0.10685331
0.23149528
0.12374348
0.18382388
0.17277618
0.15396782
0.08299825
0.18443677
0.14650736
0.10385059
0.22508626
0.18011932
0.21137793
-0.03684439
0.06151305
0.13155591
0.22966222
0.13244582
0.10118431
0.25437828
0.15109857
0.19562484
0.19832526
0.26333441
0.25510572
0.24728180
0.20635038
0.19838604
0.23529772
0.12082434
0.17058028
0.21541914
0.18588904
0.10120593
0.18991672
0.06756898
-0.00193428
0.14703798
0.11699854
0.19433695
0.09173578
0.13636271
0.07576814
0.06537126
0.09832876
0.17417723
0.10633977
-0.00145349
-0.00170018
0.02856302
0.11326150
0.04336515
-0.02121726
0.06708001
0.09953236
0.06421768
0.14776406
0.06412113
0.19203941
0.10316980
0.08755389
-0.00671500
0.28179989
0.07709108
0.01699397
0.03884341
-0.02249583
0.03148867
0.13628379
0.06568507
0.00030989
0.19659095
0.19525472
0.17683770
0.22820395
0.23952270
0.14254681
0.26408716
0.27478525
0.16182661
0.17086882
0.24655755
0.28881647
0.22225592
0.20908860
0.24002432
0.20029954
0.23683820
0.35653899
0.37078301
0.50275486
0.29614309
0.36158624
0.19858643
0.60264916
0.33921738
0.31100380
0.22335572
0.22129780
0.20608317
0.36134316
0.31363247
0.19301255
0.25405250
0.15547696
0.52062080
0.17038403
0.29507927
0.32164931
0.18914630
0.28417207
0.35142976
0.29339131
0.30201380
0.34919763
0.37218931
0.32623310
0.36801550
0.30043573
0.27618269
0.29523703
0.44859715
0.46850498
0.49783583
0.32842948
0.39768018
0.28807488
0.66079794
0.41109108
0.48918916
0.37867584
0.38604460
0.38478131
0.47390186
0.42118912
0.31380851
0.29336541
0.20838624
0.42399287
0.69570738
0.10814143
0.12159553
0.10279148
0.35123626
0.31825221
0.34428354
0.03947692
0.15659372
0.27410736
0.14976422
0.14196560
0.05706669
0.07264717
-0.03062514
-0.02621290
0.12538868
0.01808870
0.21460333
-0.01344768
0.42225506
0.06991100
0.03095891
0.14398879
0.20898036
0.12120096
0.14082773
0.46826868
0.34055360
0.38467805
-0.00879385
0.11451915
-0.01189846
0.17524581
0.39405552
0.30127446
0.01049021
0.10601868
0.04873573
0.26797843
0.25151391
0.25047685
0.08027602
0.13877243
0.18719928
0.14769971
0.09808605
0.03310940
0.08235269
0.04511543
0.02277970
0.10144893
0.00146996
0.09838264
0.02859463
0.15439042
0.05034813
-0.00214179
0.03011406
0.07247068
0.06724222
0.06348395
0.26555620
0.21757728
0.21943864
0.01093570
0.09382867
0.01632325
0.16808767
0.22069455
0.20776150
0.48766337
0.16960652
0.24053182
0.21422357
-0.09427515
0.05818132
0.08462510
0.28818160
0.12811178
0.05335246
0.27939525
0.13611209
0.15956140
0.22844125
0.35132785
0.31923300
0.24593469
0.15759403
0.15113287
0.28920763
0.02312063
0.16449206
0.17999347
0.15930978
-0.01615266
0.09678415
-0.01571314
-0.05092714
0.11609072
0.03084573
0.22163074
0.05929504
0.49342711
0.21987711
0.08246489
0.14132584
-0.10022281
0.06683129
0.10959106
0.29560186
0.27060356
-0.03795908
0.08331007
0.16495395
0.33572565
0.21471522
0.18366964
0.35249151
0.22081040
0.26377522
0.27541002
0.35762377
0.34095496
0.33919599
0.25126965
0.25407813
0.34173608
0.08102260
0.20160134
0.35897788
0.21070225
0.20249617
0.20349672
0.18925069
0.15961969
0.26623308
0.16477978
0.31764959
0.06157253
0.37071682
0.30384284
0.24808214
0.31522216
-0.00053532
0.11071034
0.64787690
0.19865075
0.39006980
0.49128207
-0.09900585
0.12276321
0.30946309
0.57529996
0.41056102
0.39400181
0.52929850
0.41363644
0.55041712
0.46962122
0.54113103
0.53667463
0.51802285
0.53298712
0.51128797
0.52840123
0.35827041
0.48120826
0.51997694
0.47497148
0.47834308
0.43444470
0.37040932
0.27315579
0.37679852
0.42845850
0.47420956
0.12783618
0.39265585
0.18191749
0.32253675
0.42849674
0.03635508
0.03809097
0.54084144
0.63855323
0.17141347
0.20103097
0.15031105
0.05485165
0.22935590
0.21171203
0.16800681
0.02543096
0.05675408
0.25248072
0.11300178
0.02826607
0.21487309
0.22542652
0.21277183
0.20160588
0.08742927
0.18389482
0.19074344
0.21498619
0.08778743
0.24630370
0.17857659
0.01953095
0.02619498
-0.03563647
0.14033954
0.24197084
0.13024378
0.08337403
0.12917078
0.32082880
0.46698364
0.48915077
0.40737605
0.24186638
0.26965645
0.55304143
0.59905134
0.40025759
0.06814245
0.18122194
0.08809675
-0.00743953
0.09409634
0.11582171
0.13003793
0.07376590
0.04975820
0.20487377
0.09916193
0.04963809
0.16518815
0.08949297
0.14115161
0.09561250
0.04633635
0.02995077
0.04872704
-0.02675720
-0.01041074
0.17589972
0.04827053
0.04057285
0.09020497
0.11604772
0.03692557
0.17114863
0.02752845
0.12891114
0.10554430
0.18423539
0.10462127
0.10292709
0.16563880
-0.00524163
0.09345400
0.32337931
0.37023118
0.21339683
0.36170568
0.03525426
0.18035499
0.10886969
0.08382598
0.09638242
0.08908213
0.14839451
0.08850722
0.07586117
0.16005351
0.06390565
0.06892377
0.09962236
0.11831237
0.09921038
0.20257940
0.13474794
0.12485828
0.12598989
-0.03262611
-0.00063446
0.42444383
0.06288152
0.18710828
0.11934005
0.18129730
0.07783552
0.20236564
0.05727426
0.16631451
0.21607768
0.24992743
0.44017250
0.37851910
0.50147192
-0.02124940
0.13244082
0.37346258
0.61202212
0.33750431
0.55058317
0.41075506
0.13131183
0.07093476
-0.01010433
0.05043203
0.19992697
0.13405393
0.04607026
-0.04319795
-0.07328341
0.13682157
0.01935033
-0.11069960
0.08085772
0.12921447
0.09159635
0.01381730
-0.11418255
-0.05046573
0.02828304
-0.01500213
-0.02356871
-0.10384632
-0.02168197
-0.27851766
-0.10695782
-0.20830036
-0.05753345
0.09589099
-0.04966952
-0.03420617
0.11689124
0.18915750
0.15610458
0.00437539
0.04020375
0.03882273
0.19265808
0.37813668
0.17262556
0.04434406
0.42139474
0.28748685
0.15825006
0.03082862
0.12640701
0.04412019
0.24674355
0.24495703
0.20028273
0.07770234
0.05248662
0.09808909
0.16554639
0.05303208
-0.05035574
0.04529158
0.04490226
0.00591396
0.10126564
-0.08702934
0.06402479
-0.00196962
0.14585629
-0.03050771
0.01824176
0.04267923
-0.02368482
-0.02575058
-0.00911972
0.33801512
0.20916314
0.12998702
-0.03693702
0.09759413
0.06320159
0.28904756
0.27291477
0.28429526
0.43681031
0.37357138
0.18240377
0.32509546
0.07108402
0.53484848
0.25285686
0.32876987
0.30282698
0.04140123
0.14184538
0.06517442
0.05077554
0.17569658
0.11365079
0.16008514
0.05070408
0.01054813
0.17016406
0.03113314
-0.05026564
0.10514368
0.19392892
0.14465704
0.13250726
-0.00616901
0.02726497
0.13321229
-0.04175549
0.00941308
0.10765968
0.03205108
-0.09382440
-0.03471102
-0.07007292
0.09575499
0.16085875
-0.02256903
0.09770740
0.09248335
0.27532831
0.27388121
0.13157040
0.24292804
0.00153436
0.21676757
0.55374791
0.57091913
0.26364115
0.67878773
0.44717483
0.60478156
0.51580786
0.43755117
0.05792479
0.14076174
0.10605615
0.09388456
0.21860652
0.20649791
0.15662149
0.07558693
0.10968079
0.21359180
0.10662345
0.01420360
0.16879333
0.17616213
0.14619748
0.18039701
0.03715982
0.15023096
0.14373613
0.18937702
0.05963165
0.19034829
0.16827284
0.04016276
0.01507291
0.02872022
0.28306779
0.29427836
0.14478563
0.11607502
0.07105447
0.17055247
0.31597006
0.35335801
0.35657669
0.25885976
0.27582610
0.36396094
0.52516164
0.29504777
0.72525281
0.35488962
0.46450214
0.30073947
0.53535917
0.61936295
0.16291415
0.06477413
0.04784785
0.03446237
0.22335017
0.18303702
0.03928802
-0.05444290
-0.02691086
0.17683060
0.06639068
-0.06258486
0.13688382
0.15421446
0.14365217
0.06823933
-0.02834181
0.08490566
0.08453406
0.19776456
0.03109118
0.08337127
0.15958385
-0.15631103
-0.07715983
-0.14448542
0.15224544
0.22713114
0.06114142
0.03488048
0.07405234
0.20384869
0.33440787
0.30891052
0.30104882
0.20128677
0.21118245
0.37673910
0.31868655
0.16122716
0.70579074
0.22748178
0.30249664
0.47861975
0.45041481
0.60048188
0.62293093
0.31264846
0.16395825
0.17364164
0.11348885
0.29984106
0.35241407
0.09282175
0.06478721
0.12865988
0.22754324
0.14593774
0.05340863
0.21334909
0.16077869
0.19301775
0.09859709
0.01567847
0.16269623
0.06200017
0.31000956
0.10654631
0.05572230
0.16413269
-0.06956384
0.04338693
-0.05554380
0.07340682
0.19392682
0.19220605
0.03136156
0.11779760
0.19688097
0.21380760
0.23260113
0.20548641
0.26608459
0.18307045
0.21221232
0.09981773
0.14804030
0.39586365
0.11810457
0.05988811
0.38230641
0.23565900
0.21095158
0.25607948
0.41195509
0.12470427
0.06336448
0.01046987
0.11971649
0.26781602
0.19697764
0.06116854
-0.01749342
0.00239748
0.13963284
0.04233471
-0.11925597
0.08721409
0.13873495
0.07431450
0.05029581
-0.13568420
0.04688580
0.05002202
0.16325687
-0.00121666
-0.12908385
0.02435124
-0.25758038
-0.12777628
-0.25897031
0.08006668
0.08531900
0.02560108
-0.07376153
0.04521279
0.18060333
0.18944594
0.13917889
0.08284011
0.29520212
0.31653567
0.36967267
0.17759213
0.08837105
0.57383189
0.17814715
0.06292757
0.57090141
0.44019453
0.48612744
0.45438936
0.59964668
0.45230551
0.32424789
0.18846286
0.22214290
-0.03470023
0.11151015
0.17591771
0.17382257
0.12057554
0.10292696
0.21214981
0.15202917
0.15137031
0.16834431
0.19823048
0.21692525
0.21210704
0.15886121
0.25159299
0.17018645
0.21991491
0.14813727
0.15749094
0.23486471
0.04162888
0.11856588
0.00568914
0.02475127
0.14537997
0.15478492
0.10954543
0.06038578
0.23509095
0.12186483
0.16038198
0.17135961
0.07461751
-0.00016456
0.22036291
0.10598291
0.22820525
0.17237177
0.01337387
0.01331020
0.15149161
0.02747750
0.05806232
0.04988052
0.17460161
0.29086975
0.15569940
0.19968449
0.58201490
0.60619943
0.14784894
0.33007834
0.47355615
0.63707632
0.65994896
0.59819016
0.44278559
0.40210945
0.47268130
0.41753509
0.48612091
0.45255227
0.58038777
0.45443680
0.58367484
0.47549788
0.37927474
0.44398889
0.38392742
0.40642203
0.37919726
0.36085774
0.33369770
0.30585897
0.33687070
0.43146548
0.37743857
0.09121034
0.23241640
0.06558046
0.23338451
0.33307522
0.10617147
0.09741443
0.27005376
0.34292241
0.52730567
0.17537435
0.10825634
0.15713207
0.01507560
0.06558855
0.13769524
0.14182045
0.06232417
0.15837308
0.04372068
0.23725625
0.08188308
0.43340299
0.39838549
0.44541897
0.28481506
0.40312313
0.70357124
0.69525315
0.58000659
0.33019582
0.32993780
0.37991698
0.34634132
0.48324324
0.38739989
0.71129429
0.41933577
0.56936664
0.53044025
0.31013984
0.42161468
0.26029717
0.31153313
0.29534759
0.27380082
0.24413796
0.31019730
0.27162889
0.35415207
0.29039445
0.08813441
0.18295848
0.03862800
0.17437340
0.28976727
0.12182803
0.13622621
0.22327020
0.27149305
0.39442487
0.14156775
0.03566769
0.12521704
0.06481231
0.11703123
0.14334828
0.15532398
0.07084059
0.10745428
0.09021557
0.15977607
0.56101925
0.01462175
0.27520956
0.09733308
0.89924468
0.57400841
0.41683405
0.24369344
0.44392276
0.44068460
0.10853724
0.16772063
0.03462257
0.15424033
0.06090472
0.00890615
0.27143736
-0.00033352
0.19766776
0.03894955
0.23078457
0.07437645
-0.00045142
0.02456714
0.07639731
0.08496072
0.04886513
0.26408026
0.21174735
0.20935985
-0.02613183
0.14473092
-0.00311333
0.14241682
0.19408280
0.23604154
0.35065401
0.29219150
-0.03132842
0.00270777
-0.05343894
0.14712431
0.02676021
0.12119485
0.14128473
0.29396755
0.12513804
0.16574555
0.14377479
0.20417459
0.22154648
0.02016397
0.20029637
0.46361781
0.15532270
0.46382002
0.53414200
0.39950323
0.67924607
0.75761436
0.53508233
0.69490494
0.77784350
0.41372951
0.43045903
0.38774104
0.45948245
0.41706919
0.38081850
0.45073794
0.32135873
0.49083003
0.32745460
0.45276359
0.41098022
0.27979687
0.33525828
0.34225867
0.36597304
0.32331490
0.37766024
0.44970390
0.49606174
0.31615546
0.14735213
0.11666169
0.08990459
0.29125652
0.37580306
0.29044429
0.22207950
0.10154622
0.16359390
0.35510538
0.16664875
0.10613459
0.08354877
0.09978840
0.12174943
0.10156797
0.16557608
0.13235759
0.26276238
0.15029811
0.16056746
0.56475746
0.47523819
0.47009298
0.24291065
0.44019073
0.56571113
0.20496001
0.43609767
0.64930404
0.53847019
0.60188953
0.67977577
0.44160202
0.42319647
0.44939344
0.45877352
0.42607040
0.43234579
0.47383249
0.38412300
0.53164868
0.35672839
0.46953966
0.41916291
0.33576453
0.40528685
0.39010137
0.39484513
0.34666800
0.36030534
0.45316621
0.51449566
0.36053236
0.12922204
0.17520587
0.06922282
0.30037185
0.36302943
0.25476505
0.14790307
0.13148713
0.20891170
0.43522733
0.15899079
0.11459810
0.08775621
0.04885219
0.10407227
0.07513971
0.14710398
0.09742511
0.25751601
0.08131249
0.23125774
0.57026689
0.43191264
0.25737647
0.68657314
0.08355426
0.51220555
0.47037174
0.56510089
0.44191401
0.55602915
0.73756069
0.89340232
0.76418609
0.34585132
0.37447373
0.36795591
0.38473686
0.45063103
0.33724848
0.66245084
0.38027039
0.60977051
0.47226761
0.36218536
0.41317913
0.26055531
0.29043774
0.35113353
0.31566182
0.28111405
0.38506408
0.33952773
0.43413852
0.30200823
0.11919841
0.12425108
0.01491329
0.15779516
0.30188975
0.18797106
0.18658613
0.15111280
0.23038974
0.35428855
0.08216066
0.08397544
0.12870543
0.02479143
0.11326237
0.13010401
0.13421929
0.00909570
0.09287186
0.07100760
0.11584749
0.62907890
0.76389928
0.57682978
0.65193754
0.55587532
0.09474770
0.46789694
0.54568135
0.44798232
0.48945611
0.63602935
0.65829412
0.85544237
0.87837009
0.32558369
0.38315296
0.41429690
0.38567878
0.42902916
0.33999640
0.54116470
0.36633942
0.52219325
0.38289651
0.41416258
0.43721508
0.27531383
0.29441347
0.44632970
0.38710559
0.38191926
0.42794489
0.39292156
0.48427925
0.33130544
0.13051399
0.11121225
0.00601081
0.20344553
0.32341453
0.23713138
0.15935363
0.08214687
0.17560389
0.38758605
0.03927869
0.04372269
0.06985358
-0.06355550
0.04461999
0.01787810
0.08122420
-0.03919375
0.10026075
-0.01316720
0.10721478
0.60356265
0.60672383
0.45913796
0.75554565
0.63867100
0.80147369
0.21718228
0.33082793
0.37569369
0.01545969
0.22548222
0.36378064
0.40378549
0.31599811
0.32770370
0.72753249
0.49365070
0.55038249
0.50678180
0.45108974
0.55298192
0.36068604
0.41792919
0.41428886
0.36367128
0.30348181
0.38825669
0.38939775
0.42209312
0.31012239
0.42448035
0.33481109
0.22442481
0.40557997
0.41171666
0.40624627
0.10143619
0.23967242
0.07463477
0.22801515
0.31656481
0.10334848
0.10928803
0.26359195
0.32141490
0.47411401
0.21214307
0.20887081
0.13891558
0.12979746
0.13311704
0.16402702
0.19037099
0.18162306
0.20068967
0.11067145
0.20350226
0.41922998
0.30859487
0.08793249
0.38227580
0.41442059
0.30852601
0.29140685
0.15038709
0.29385824
0.32749580
0.09038204
0.21269383
0.36954483
0.36036137
0.31388722
0.35252426
0.49393206
0.49361903
0.60417125
0.51636941
0.34881078
0.48940335
0.32691770
0.43784561
0.35316830
0.31430265
0.35335459
0.45410424
0.33920122
0.39521296
0.41373129
0.43915046
0.41247945
0.26612762
0.41396166
0.47219548
0.39485951
0.11957753
0.18244762
0.03822052
0.20530661
0.30238517
0.11355775
0.08794927
0.14596760
0.21565852
0.40806724
0.13234993
0.11117560
0.07245965
0.04040261
0.03319990
0.04462050
0.09768585
0.05929323
0.15625934
0.01626308
0.15193895
0.37276444
0.29750431
0.12017958
0.36946347
0.39950205
0.29451201
0.33084115
0.54482823
0.10290858
0.28204195
0.36496753
-0.01953582
0.10842513
0.28358420
0.36937721
0.30228450
0.34370368
0.49522361
0.48768934
0.74221183
0.57337605
0.38354438
0.56557965
0.34607464
0.56953178
0.39872898
0.37938970
0.33107655
0.48760651
0.47281731
0.47972399
0.52895525
0.49516363
0.54115213
0.27280012
0.41294647
0.45187089
0.54740787
0.12855058
0.14262917
-0.03797973
0.18326599
0.30920808
0.00094687
0.00366488
0.12427383
0.22747009
0.45774728
0.01230476
0.06713709
0.06714336
-0.10651065
-0.06532157
-0.04433641
0.01296026
-0.04239818
0.03630608
-0.14459833
0.11976443
0.37814102
0.29270219
0.00102972
0.31676993
0.38226881
0.25877560
0.31804232
0.52384820
0.56487037
0.15066934
0.29816478
0.32859568
0.01883789
0.23082207
0.34036810
0.38791886
0.31477916
0.31556815
0.45953517
0.46159644
0.56736927
0.82998123
0.48337067
0.59513612
0.29239342
0.41560148
0.37507159
0.37166033
0.31251263
0.42596731
0.33548246
0.40389954
0.28096323
0.32810767
0.30693557
0.19181149
0.37058889
0.35848026
0.42870717
0.10897848
0.19303547
0.06018220
0.20648790
0.25592092
0.03702679
0.05518315
0.22574395
0.27912419
0.42470526
0.22163528
0.16823496
0.11868849
0.06098500
0.04473348
0.11717089
0.16755753
0.15500957
0.19772720
0.06405423
0.17066801
0.36623393
0.28291984
0.09631698
0.35764840
0.37668048
0.29285506
0.28620966
0.49504112
0.49525868
0.56866094
0.07129226
0.31089049
0.36745014
0.20178698
0.28036804
0.45774433
0.49175298
0.49879398
0.52514975
0.43932654
0.45793309
0.54547390
0.55785780
0.45487267
0.47815449
0.40791919
0.40118289
0.42586464
0.37221127
0.34051146
0.42818071
0.32263302
0.36223051
0.40343467
0.37607715
0.40985613
0.36899059
0.42197555
0.47710281
0.42510438
0.11144032
0.09425094
0.01787140
0.17775467
0.30726105
0.15639402
0.15420859
0.08293834
0.17979410
0.38071097
0.07673019
0.07995180
0.05923734
0.00380205
0.09130622
0.05121713
0.11709450
0.02902722
0.10596359
0.02871957
0.10809996
0.42926696
0.40971766
0.22107860
0.49945318
0.48650000
0.49114991
0.50658543
0.43416134
0.42399845
0.48862265
0.49788268
0.17211478
0.28466896
0.37852975
-0.03618305
0.17498090
0.30200323
0.50100992
0.39619148
0.34233265
0.40210236
0.38011084
0.43221923
0.48027718
0.73019234
0.65680488
0.44958802
0.44966657
0.46931408
0.62283860
0.25220289
0.51006188
0.32437357
0.38822976
0.16548529
0.25786727
0.13688236
0.10502812
0.28171952
0.29242118
0.39292393
0.08782513
0.24863058
0.10995285
0.19948836
0.26408882
-0.06568960
0.03429347
0.34244429
0.35881769
0.50019022
0.26446860
0.13001685
0.16089534
0.18063052
0.02790106
0.23826275
0.19848815
0.19973314
0.20136906
0.14144651
0.21628781
0.44429739
0.44302557
0.04476823
0.35975853
0.37050791
0.39739048
0.35720304
0.43395491
0.34594946
0.37296787
0.47585805
0.42704657
0.15283360
0.33046974
0.42673699
0.10926750
0.25725757
0.39306536
0.54202599
0.50756457
0.48048884
0.41897996
0.45383280
0.53772593
0.48508450
0.64818126
0.61247906
0.50702983
0.53554203
0.56875878
0.62431227
0.44151675
0.66474201
0.33041954
0.48408206
0.37030763
0.35900761
0.27773605
0.29086148
0.35646776
0.45975251
0.42965590
0.11788639
0.19002887
0.04174332
0.20435623
0.29903232
0.06347406
0.07808042
0.21200798
0.25070509
0.49308909
0.15705885
0.01332751
0.04586680
0.05763413
0.01814137
0.08780053
0.12269125
0.11360722
0.16395943
0.08829293
0.18555478
0.49602636
0.52058582
0.16600908
0.45377887
0.44176095
0.50108899
0.49836633
0.42520766
0.42617225
0.46392527
0.44487415
0.47962117
0.65361218
0.17966660
0.26658922
0.36104632
-0.04408623
0.18920977
0.29648195
0.41115338
0.30305354
0.28772037
0.45074658
0.41436972
0.49136205
0.54615642
0.62896075
0.76535533
0.35747707
0.45663843
0.44073217
0.52639581
0.27387926
0.52852921
0.34598612
0.44943468
0.17683170
0.25516069
0.20140631
0.09738881
0.29704666
0.31159033
0.43759307
0.08791783
0.21900152
0.06931674
0.19215643
0.22004008
-0.03827979
0.03046946
0.28914952
0.28103515
0.42862755
0.20600332
0.11452022
0.08568329
0.14392379
0.01935497
0.16127744
0.14597883
0.17344280
0.21244369
0.11262175
0.20802585
0.38257590
0.34550075
0.04723711
0.33324527
0.36701716
0.29080828
0.27790406
0.47742158
0.41429268
0.47431212
0.53440994
0.42885147
0.66267782
0.59315496
0.29924528
0.40063731
0.48690924
-0.00136875
0.26359760
0.40460019
0.59835336
0.43469397
0.41963113
0.46068643
0.40127228
0.46483714
0.45968413
0.50839317
0.52435574
0.54102770
0.52684918
0.63504732
0.51399915
0.54259266
0.50419744
0.47254179
0.54005119
0.39230197
0.35001616
0.25358480
0.25311676
0.37448428
0.46208462
0.38083272
0.15665477
0.32656278
0.21102250
0.41425632
0.42861458
0.11775447
0.03744369
0.35540152
0.33589410
0.65420585
0.40540554
0.11104467
0.15243463
0.12814870
0.05977643
0.16093725
0.23430662
0.25676921
0.33342266
0.20809496
0.35804597
0.52651502
0.44929743
0.07010293
0.43989574
0.49461574
0.40376037
0.41171867
0.42812233
0.38785927
0.38102000
0.42048721
0.37155541
0.50805819
0.54022529
0.44575927
0.14952859
0.35520792
0.42085275
-0.04125947
0.06931704
0.21839553
0.57960452
0.44416327
0.33919936
0.46985646
0.43107978
0.61926890
0.51700934
0.64359222
0.67089218
0.60237418
0.72229716
0.64090762
0.74972897
0.30271914
0.62128859
0.49445026
0.53773424
0.36912016
0.35748679
0.30085181
0.15144898
0.28830459
0.36388743
0.50391667
0.08300067
0.23565313
0.03725705
0.23281907
0.29425268
-0.09767529
-0.01880024
0.30550526
0.35077402
0.55883637
0.15050079
0.07804753
0.11576775
0.01347777
-0.05886994
0.10718443
0.09618600
0.05413179
0.05574672
-0.01566275
0.19535749
0.51088028
0.54026323
-0.01384183
0.29428794
0.36007563
0.44492121
0.35022511
0.47029369
0.43048424
0.54153130
0.49928533
0.42227446
0.66991157
0.65678998
0.60904672
0.55994596
0.14169871
0.41719957
0.45029173
0.20144392
0.23769539
0.35233014
0.56828565
0.56305006
0.49223521
0.42528195
0.40137972
0.51164840
0.40210796
0.42299557
0.43768786
0.65036690
0.66466966
0.77374523
0.58713235
0.43974216
0.48999272
0.61621678
0.51005959
0.54508946
0.41528019
0.42866087
0.32395592
0.36621195
0.48198090
0.41455618
0.17940907
0.14983707
0.17602173
0.53827559
0.50893694
0.16894635
0.08270785
0.07267529
0.23095285
0.46484394
0.15548472
0.03273835
0.18987633
-0.14908341
0.04169385
-0.01503730
0.11167318
-0.02617286
0.06647431
-0.07159490
0.18206497
0.50700708
0.53757004
0.19593569
0.42148407
0.45426065
0.54640290
0.48501781
0.37000884
0.36330761
0.42474536
0.33749318
0.41018073
0.39589450
0.49375598
0.35394507
0.59274095
0.63371764
0.19363214
0.45454358
0.47547394
0.18690273
0.25776437
0.38003440
0.61225361
0.63284834
0.50184088
0.41413373
0.36987602
0.43570590
0.42423798
0.52195174
0.49340034
0.65105480
0.58528817
0.82650655
0.65858652
0.46892775
0.54869371
0.46706233
0.52936131
0.33919854
0.31260302
0.26493400
0.26707272
0.32513515
0.43284455
0.40430916
0.10293723
0.16432437
0.09901887
0.34678215
0.33642991
0.11531379
0.06233258
0.16157485
0.23841412
0.42192509
0.13836671
0.01243760
0.07909412
-0.01569070
0.02296842
0.04749690
0.11390955
0.06984837
0.14963324
0.03837843
0.24143012
0.58087768
0.63267793
0.21731710
0.44115419
0.47377846
0.65213869
0.50675884
0.39108455
0.30769156
0.35278810
0.36726362
0.39282358
0.48784025
0.57439122
0.45807584
0.58354496
0.67562637
0.75012197
0.15913082
0.35128678
0.44178010
0.22850352
0.35659540
0.48609777
0.47625658
0.53940438
0.55994848
0.37373808
0.43247692
0.53368989
0.45918979
0.44630982
0.45580276
0.47721987
0.57096987
0.63646802
0.50847956
0.71780572
0.67814653
0.35606538
0.58610359
0.56469021
0.42234307
0.40178300
0.50182437
0.46893701
0.59821970
0.39979043
0.13791953
0.11333601
0.00070492
0.27025560
0.35620016
0.25685301
0.10257908
0.04942081
0.11431514
0.42287149
0.11643187
-0.03764250
-0.04027444
-0.05063839
0.02399588
-0.04189939
0.11765665
0.07814321
0.17469768
0.04510107
0.17746222
0.47535378
0.48247896
0.26491718
0.52285173
0.53507714
0.51733453
0.56285013
0.34841986
0.42830845
0.44899752
0.38016803
0.44498335
0.40879815
0.64704478
0.41142538
0.56846645
0.49977633
0.55143803
0.61296539
0.13391800
0.38926208
0.42745134
0.00564277
0.10088304
0.24559749
0.52507447
0.45275873
0.39881826
0.45118988
0.37451309
0.58131075
0.41796361
0.39523868
0.48398397
0.56109420
0.67043337
0.64074283
0.50445622
0.29096983
0.42202612
0.74202375
0.50435321
0.57318521
0.44684361
0.53003511
0.22985865
0.36461060
0.41461627
0.53936747
0.17919635
0.16454773
0.12119019
0.42196411
0.50146499
-0.03896977
-0.04333207
0.12237706
0.30966584
0.53059261
0.06851653
0.12214751
0.29706120
-0.17765195
-0.06389509
0.01679391
0.06422897
-0.08191289
-0.02497354
-0.21787498
0.15510697
0.46635025
0.39828597
0.00747269
0.32023346
0.38977859
0.40687189
0.38472409
0.42930157
0.36753715
0.54799637
0.38929638
0.42304625
0.39255607
0.41557524
0.39506523
0.50478537
0.62884701
0.72603376
0.58192381
0.40384041
0.20314944
0.34173105
0.42076252
-0.02126232
0.16256571
0.30994021
0.46831514
0.39612876
0.34898487
0.46776819
0.39902940
0.56410124
0.44394925
0.46707193
0.55900172
0.46800263
0.63193321
0.63508824
0.54294006
0.49169706
0.59740060
0.48691973
0.68509957
0.44639726
0.39159894
0.35819626
0.29895308
0.37912855
0.47306144
0.50189202
0.10977974
0.18117982
0.02543343
0.24835369
0.32661810
0.04742023
-0.00464286
0.15788427
0.20475214
0.46317483
0.12039575
0.02747028
0.01222165
-0.00353832
-0.00507047
0.01650317
0.09036386
0.08139945
0.13976504
0.00024860
0.23281393
0.45911116
0.38560352
0.02322727
0.34560510
0.41138516
0.36729495
0.34715163
0.44505349
0.42994543
0.50073254
0.41986497
0.41190643
0.47475427
0.56388238
0.50082094
0.58131316
0.63456108
0.58299254
0.61938343
0.60174879
0.56223093
0.21820344
0.39237755
0.49381371
-0.05604372
0.14243778
0.35523341
0.56090078
0.41525803
0.41544908
0.55888648
0.44493370
0.58522916
0.48917421
0.53255343
0.57146207
0.49999783
0.54657234
0.54899988
0.51618255
0.45348786
0.52274175
0.51275362
0.52494477
0.49903261
0.46217500
0.39774043
0.31017925
0.41652722
0.49841893
0.49898384
0.10384859
0.32492259
0.11823031
0.31218558
0.39576498
0.06733083
0.02554777
0.40272620
0.50052239
0.79029912
0.31883844
0.16132764
0.22388581
0.01138966
0.04735123
0.16078802
0.23131083
0.12740171
0.18066564
0.06422336
0.22940905
0.53358877
0.39986292
-0.01278189
0.38696225
0.46503593
0.37022943
0.40247978
0.53564451
0.46247358
0.52727554
0.47079622
0.41808287
0.50887224
0.54253169
0.47191818
0.71990671
0.59468530
0.53417993
0.49732401
0.51866555
0.58157615
0.54636700
0.08669537
0.35776979
0.43264925
0.17381591
0.20418340
0.40010565
0.50325443
0.50184633
0.51837528
0.48860855
0.50666859
0.73475220
0.47304673
0.31726662
0.43934580
0.51733423
0.71300756
0.57609247
0.42442860
0.54230745
0.58220244
0.50249188
0.54668943
0.81559770
0.59513352
0.63942744
0.51087023
0.47924606
0.65578524
0.47769175
0.17476112
0.10258050
-0.05276423
0.25259785
0.43398151
0.19119851
0.08163957
-0.02597049
0.12611522
0.47247757
-0.04078132
-0.00755658
0.03812647
-0.20077752
-0.04998575
-0.12676788
-0.01096015
-0.14962345
0.01215471
-0.17589688
0.10783150
0.46036155
0.42249053
0.13871339
0.44069068
0.47308324
0.46124049
0.50565731
0.44736901
0.55428948
0.64344609
0.40317534
0.51508989
0.28166595
0.51413832
0.31794558
0.48968034
0.54122701
0.64102025
0.48266947
0.65746548
0.62482343
0.58288934
0.55672890
0.08479895
0.26950669
0.35383717
0.08987042
0.12612805
0.32128285
0.36072069
0.38475810
0.42633465
0.41599858
0.42234018
0.63220441
0.38315404
0.23109181
0.35567305
0.36118442
0.53315528
0.39760324
0.26633717
0.37420455
0.38738825
0.50605533
0.42580514
0.71189548
0.59682737
0.69794339
0.44336999
0.48908145
0.53684578
0.46966989
0.16205027
0.09119907
-0.00705746
0.23975046
0.41489096
0.13684438
0.06124058
-0.03021020
0.16615594
0.41094967
-0.05396498
0.10273741
0.14033366
-0.23097065
-0.04835802
-0.10072917
-0.00990208
-0.16309158
-0.04428141
-0.26728156
0.07698368
0.36056702
0.26182296
0.06444488
0.35675737
0.39947169
0.31846190
0.40988587
0.42007998
0.50534635
0.60601742
0.34097679
0.45072988
0.19481342
0.32790087
0.23871622
0.33385833
0.36888540
0.49494985
0.30526909
0.43766652
0.59023594
0.44182605
0.47168820
0.71983161
0.17743529
0.34516271
0.42430486
0.26155886
0.34778297
0.50467467
0.42713439
0.48760660
0.54734847
0.44450116
0.47029641
0.54935079
0.43674135
0.34356313
0.41465059
0.46186525
0.51405288
0.54714637
0.36916369
0.62743183
0.53569903
0.38731798
0.52148570
0.61047857
0.48254720
0.47237899
0.55930300
0.52782374
0.66572170
0.38179281
0.16256778
0.11303426
0.08474732
0.35582975
0.45724967
0.38257334
0.20539085
-0.00324552
0.13249248
0.40032320
0.13329304
0.00014828
0.04334996
-0.05491458
0.13792785
-0.03327889
0.13818056
0.06598741
0.19390699
0.03248573
0.15170720
0.44403733
0.39007615
0.27420852
0.52772783
0.51755690
0.46445021
0.51671270
0.40737051
0.46722801
0.44961973
0.36165001
0.47041544
0.30392853
0.49874896
0.33926950
0.48939669
0.38191442
0.52790502
0.46932155
0.66788829
0.41553919
0.50816705
0.47812898
0.68294613
0.53210442
0.14840762
0.31622934
0.39705109
0.00965802
0.17812480
0.36846086
0.41270798
0.37658231
0.40863197
0.44252903
0.43936876
0.61349071
0.50166913
0.36324321
0.51824904
0.40807927
0.54142169
0.48243731
0.37720262
0.40060005
0.48628018
0.53661270
0.53580727
0.51953445
0.46021459
0.54271152
0.35482020
0.47931116
0.48692927
0.56579167
0.13908472
0.14029586
0.02979525
0.27011183
0.38722453
0.06132246
0.03533055
0.10980629
0.22546697
0.46741962
0.07212990
0.10732461
0.12276625
-0.04071320
-0.02577805
0.01243727
0.08471544
0.02594883
0.10458233
-0.09373646
0.15912482
0.40107257
0.31510687
0.05374380
0.38879011
0.44134590
0.32767242
0.37977471
0.45505317
0.47375433
0.60567022
0.46373757
0.48631993
0.37046172
0.45381630
0.44925970
0.43612116
0.48976910
0.47312517
0.42455253
0.49773429
0.58352996
0.55322467
0.52020899
0.59286077
0.57812185
0.50828856
0.10569073
0.13976022
0.09926955
0.07282289
0.11933199
0.12270058
0.13353794
0.11042497
0.09929860
0.14876542
0.11051946
0.10782909
0.11712909
0.12014740
0.12117720
0.15733218
0.12696229
0.16337694
0.10759481
0.07661025
0.07515409
0.17573871
0.10052732
0.09374065
0.11760768
0.06275103
0.01890916
0.08001938
0.09394523
0.07994484
0.11842329
0.09446894
0.17647512
0.17225602
0.20400151
0.00771354
0.04767934
0.13080373
0.13118185
0.14406333
0.15078020
0.11930735
0.19229772
0.09698899
0.10620573
0.12765665
0.09173563
0.08002658
0.10204359
0.07971249
0.09803977
0.13127634
0.12428311
0.10023729
0.13367759
0.11011611
0.11371648
0.08956402
0.16134011
0.12619504
0.08704006
0.11380906
0.08317426
0.13739663
0.10710360
0.10209801
0.17681348
0.13863911
0.17674394
0.12910789
0.08197506
0.16436551
0.09075888
0.14316577
0.11675298
0.11090886
0.11685426
0.07820684
0.19819131
0.19947593
0.21154931
-0.04578544
0.06294025
0.11915236
0.23997263
0.15016361
0.11776122
0.21329023
0.12695308
0.16268770
0.16248019
0.23981514
0.23036471
0.25819392
0.19014459
0.19788061
0.23692458
0.10513403
0.15272639
0.20029030
0.18899641
0.09315007
0.16835079
0.06670638
0.01592136
0.13667941
0.10486294
0.17421833
0.09698408
0.38209494
0.18416716
0.16352966
0.20917380
-0.02345260
0.02342147
0.44019666
0.35022561
0.37895997
0.31650501
0.14295543
0.24102250
0.17234334
0.06447384
0.27475909
0.18326808
0.19307252
0.18099049
0.16844045
0.27281923
0.22194868
0.21299547
-0.00109447
0.13440645
0.18493273
0.13046411
0.14264284
0.20215085
0.16502526
0.13388342
0.14689188
0.11162501
0.26450830
0.18277552
0.19835174
0.34667512
0.23254310
0.17054090
0.17317836
0.12990840
0.18868792
0.19115562
0.33604100
0.09482810
0.12618441
0.11486112
0.14446664
0.13064549
0.03942185
0.25149491
0.23674625
0.17810151
0.17038846
0.22237584
0.24274767
0.25203413
0.30108268
0.27017329
0.19398847
0.23309970
0.16365524
0.14126325
0.16120335
0.29655941
0.26310334
0.31326808
0.19870905
0.25833302
0.14150340
0.41621481
0.21515517
0.44153574
0.27814778
0.41137998
0.41449509
0.34633659
0.34804835
0.20566340
0.13031497
0.07302522
0.30309459
0.51538001
0.44417407
0.29329698
0.21868544
0.03651408
0.39322567
0.30621533
0.39522402
0.15493798
0.43965234
-0.12880727
0.32974485
0.18468815
0.38576921
0.11482389
0.02997018
-0.04381923
-0.01745358
0.28300803
0.22872129
0.16454218
0.22317796
0.24240789
0.23049989
0.26280702
0.20932666
0.19233337
0.21872559
0.15527896
0.24085249
0.13730063
0.14356289
0.11300213
0.27913693
0.18892350
0.51138965
0.27241754
0.24435509
0.43522254
0.20420505
0.35826820
0.34259088
0.42515541
0.33254051
0.26402572
0.08529554
0.10900594
0.17284080
0.14772944
0.08115158
0.16334935
0.26202899
0.17841632
0.01886952
-0.00683440
0.04792137
0.16381214
0.08225525
-0.03577645
0.11749495
0.08818395
0.10397596
0.12759541
0.00359634
0.21066301
0.07577752
0.17027447
-0.02623531
0.21706940
0.07445321
-0.08431732
-0.00663965
-0.07764327
0.01104949
0.12588668
0.09506057
-0.04212776
0.15170776
0.15362437
0.50250418
0.64237809
0.37563293
0.37978324
0.26769512
0.18176056
0.24704639
0.12390191
0.63056666
0.13733210
0.30988802
0.18850454
0.42347685
0.24976090
0.42232580
0.43314396
0.35332407
0.38906391
0.15851462
0.08838545
0.08693780
0.22279392
0.15707861
0.11746541
0.01431440
0.01013747
0.13751030
0.06790332
-0.04066301
0.12592908
0.02684351
0.11769845
0.04709089
0.11480896
0.32560987
0.04756680
0.29476971
0.18580671
0.04587387
0.10260839
0.04322122
0.13924614
-0.07512070
-0.05625865
0.12126788
-0.00608136
0.19028154
0.17838611
0.45052591
0.02489809
0.07400604
0.00510781
0.28615182
0.23862916
0.16276534
0.02883830
0.03878264
0.08354634
0.14727296
0.02303632
-0.06364382
-0.00419182
0.00258312
-0.02875670
0.08077888
-0.08056208
0.10300850
-0.02082436
0.15778935
-0.06055836
0.04024099
0.03460546
-0.01903714
-0.01570827
0.00462077
0.31529148
0.16573489
0.12688670
-0.07521089
0.08944579
-0.02487203
0.31900352
0.34382323
0.28549455
0.39744798
0.33315195
-0.02782879
0.14099240
-0.04397201
0.39394972
0.08489740
0.24328307
0.13212009
0.60396135
0.24234462
0.40213137
0.34555378
0.15807322
0.30001428
0.00217148
0.06568930
0.11673217
0.32813456
0.10507641
0.07993024
0.10595091
0.02930648
0.11659726
0.01650621
-0.07859374
0.01210540
0.07356252
-0.00784883
-0.00543751
-0.01227584
0.09814632
-0.05492201
0.17202653
0.10367391
0.04979473
0.03184888
0.03555329
0.02132645
-0.01853252
0.02892689
0.14633136
-0.02134030
0.13946450
0.00638752
0.50875931
0.55090923
0.14483016
0.31723224
0.35729224
0.21574592
0.26104020
0.32781056
0.36579593
0.40705505
0.42330975
0.32922779
0.30243158
0.38992592
0.27632879
0.24616194
0.27284506
0.49407337
0.52318986
0.58705951
0.35027170
0.39672193
0.31673170
0.62113240
0.39161871
0.57256283
0.40957933
0.46026287
0.36502298
0.38280493
0.46435656
0.29325586
0.24888424
0.09767756
0.29642784
0.62276153
0.65718282
0.23286561
0.12105939
-0.07838511
0.12866843
0.32580924
0.14782712
0.01752423
0.29076727
-0.18655703
0.09069901
-0.05173335
0.09940006
0.00161547
0.09295044
-0.13937801
0.15857449
0.36876110
0.33089161
0.21528721
0.37264081
0.38326718
0.36742849
0.39310513
0.27660032
0.28232685
0.34044677
0.23019067
0.32879338
0.22989120
0.31418368
0.19794884
0.46734539
0.35300634
0.71928699
0.47576475
0.41681305
0.65295410
0.40473562
0.38218359
0.56650678
0.53354309
0.49071554
0.41180203
0.21020665
0.13013315
0.57838332
0.34062369
0.31892764
0.08002371
0.26522832
0.31130752
0.26523711
0.29478725
0.41236403
0.32560883
0.42500441
0.48460733
0.30435749
0.30576082
0.38003570
0.28514950
0.17970577
0.21193945
0.33311069
0.32834571
0.42537299
0.22827021
0.56075216
0.35317407
0.28849085
0.41790549
0.54924842
0.34777932
0.49719066
0.75720436
0.51694426
0.56653640
0.30325857
0.08688654
-0.04737066
0.03366224
0.28227160
0.38583108
0.44916856
0.22680529
-0.13733224
0.09579754
0.24858814
0.07726031
-0.03802570
0.02850639
-0.14481390
0.25119590
-0.05097988
0.21560987
0.08068934
0.08485338
-0.02792724
0.04424939
0.34461684
0.31458839
0.26014847
0.39783492
0.39573591
0.39886851
0.44238240
0.26484348
0.29731476
0.32793522
0.23692173
0.39148177
0.13816544
0.32014987
0.14375062
0.30297979
0.20549045
0.44296982
0.36179254
0.54548026
0.35059797
0.38316131
0.35194209
0.54904950
0.49327477
0.57686640
0.41293312
0.02773372
-0.00907430
0.51779737
0.07807255
0.37515332
0.49122533
0.11559100
0.17093425
0.13487431
-0.00633761
0.16240880
0.13985023
0.17342341
0.04416859
0.04572414
0.21056824
0.06952680
0.00567200
0.15989491
0.17351843
0.17031794
0.17842986
0.06893035
0.19307294
0.16693225
0.12914264
0.03769816
0.26663037
0.17048210
-0.01627721
-0.00638182
-0.02344847
0.08042227
0.16142191
0.05483636
0.11557422
0.04777756
0.20739324
0.31769179
0.38958034
0.28802347
0.06226759
0.12317029
0.36081724
0.50023786
0.30872986
0.67272492
0.34022407
0.46322279
0.24072928
0.39660586
0.52902682
0.63350662
0.51402796
0.23177783
0.35854822
0.10671221
0.15449559
0.11537416
0.07602246
0.11602476
0.12355585
0.08597407
0.01123185
0.18690404
0.06627736
0.01462453
0.18835998
0.06138122
0.21613289
0.10074377
0.18843916
0.35094717
0.16366578
0.22062006
0.18481163
0.07763924
0.20766959
0.15138490
0.29605121
-0.04904765
-0.02358673
0.03647449
0.10737158
0.12804766
0.21810129
0.44325543
0.52887641
0.42649990
0.19150474
0.11851190
0.07198822
0.11538325
0.09998479
0.27007996
0.29012734
0.28805202
0.11966041
0.18137797
0.24421810
0.18430178
0.17402283
0.08055340
0.13261658
0.09653687
0.06797945
0.16602704
0.04153374
0.16270463
0.07391690
0.21198371
0.09220463
0.07156324
0.07571931
0.11326090
0.10432809
0.08738316
0.26218715
0.24854319
0.24662351
0.05536101
0.10413271
0.06413989
0.20852633
0.30424542
0.25710339
0.49380297
0.38332962
0.05342418
0.11256670
0.09335447
0.25916126
0.10863461
0.10863211
0.15224992
0.32597065
0.12699892
0.22529511
0.19462458
0.22031026
0.26140803
0.08415521
0.13772342
0.14914219
0.29657319
0.28508380
0.23961220
0.21504366
0.21622299
0.13554909
0.14222734
0.05038058
0.09553314
0.18216423
0.07848362
0.12324272
0.05764546
0.12673806
0.00583946
0.15001465
0.11120514
0.16248352
0.01599868
0.04620504
0.07220672
0.12240615
0.10694822
0.27294603
0.08493913
0.08274737
0.06328268
0.22531909
0.31567561
0.29560169
0.19660998
0.23724263
0.12738789
0.13555354
0.26345306
0.24210711
0.14567405
0.30573544
0.39059522
0.26888138
0.27303738
0.31086452
0.33939057
0.26619591
0.23014582
0.30867781
0.18440687
0.22554091
0.24453618
0.18837079
0.27517340
0.14515156
0.29024498
0.16812766
0.30704861
0.27844484
0.26709497
0.25018720
0.32729893
0.38958374
0.47592973
0.35426194
0.27367640
0.12886549
0.10372773
0.16854267
0.31314372
0.36112200
0.28931312
0.23337780
0.07928801
0.27158806
0.26361290
0.30392737
0.33589632
0.28253281
0.16780374
0.32191397
0.27469110
0.36968156
0.25267253
0.21376923
0.15013138
0.08716160
0.26395342
0.18826202
0.19701173
0.36888275
0.35773084
0.26897810
0.27413787
0.32777179
0.26893041
0.22320362
0.27036221
0.29683926
0.18303990
0.17707861
0.19190798
0.28095371
0.13520188
0.27179099
0.21454127
0.25614301
0.27245148
0.22758192
0.29258407
0.26245702
0.34605716
0.35940116
0.33755017
0.10201033
0.10467671
0.41652690
0.22312801
0.32106041
0.32373566
0.41298414
0.33654885
0.26191260
0.22506939
0.24437715
0.24897363
0.33453547
0.44323718
0.45867995
0.20975706
0.27514045
0.37656621
0.29392128
0.25286954
0.15830384
0.23569278
0.16464766
0.14991561
0.24495539
0.12013540
0.39153926
0.14404337
0.56127231
0.21619800
0.14198986
0.28485757
0.18919884
0.16589972
0.12096849
0.41923587
0.35886629
0.43924542
0.08310651
0.12574487
0.09692976
0.24067361
0.47172783
0.34790350
0.70673183
0.39479845
0.04875321
0.09648784
0.20519618
0.40711440
0.03230869
0.00951582
0.12948512
0.42598887
0.07080595
0.33436873
0.33743586
0.42520625
0.42782827
0.22054002
0.26920047
0.24189015
0.38921855
0.42410229
0.38783553
0.29701901
0.33315176
0.23549071
0.20940771
0.08508696
0.18836323
0.23729584
0.13798702
0.24544198
0.14133182
0.42910925
0.08374549
0.35505787
0.34180934
0.43543122
0.10652826
0.24088409
0.28277806
0.23996191
0.14256914
0.45889921
0.16778050
0.08987252
0.09856964
0.35458212
0.56378834
0.47384392
0.34379279
0.45622796
0.29397538
0.45048042
0.33708569
0.13812381
0.14151066
0.07803570
-0.03687006
0.11107510
0.06991801
0.11640350
-0.06208003
-0.07365884
0.20593481
0.02882311
-0.02359431
0.13247205
0.16333791
0.16792519
0.09993269
-0.00067705
0.07023853
0.11762579
0.09280697
0.01173592
0.11032025
0.09827717
-0.12357870
-0.05500455
-0.12637243
-0.01623582
0.06950995
-0.00352035
0.01837338
0.03634813
0.29506735
0.31362029
0.26631443
0.15152220
0.04212624
0.12138675
0.52365117
0.49225793
0.29677133
0.77383563
0.33649826
0.39228097
0.39812112
0.39597092
0.57879285
0.57731040
0.57670942
0.30582225
0.51035962
0.15080007
0.10641608
0.07995903
0.04370242
0.03241324
0.05119915
-0.00577453
-0.07942030
0.18652965
0.06551736
-0.01351958
0.15924599
-0.00977530
0.20454460
0.06412584
0.17960742
0.36877339
0.14366771
0.08792020
0.09169826
0.01498658
0.02761977
0.08256627
0.28751688
-0.11688859
-0.12095130
-0.02278171
-0.00195732
0.12797536
0.30722723
0.32715180
0.57837792
0.38367262
0.00884445
-0.04217842
0.73397005
0.12021774
0.22277328
0.28010279
0.15646876
0.09417104
0.05196265
0.06277383
0.16447787
0.06793239
0.07274738
-0.00549817
-0.04412361
0.09363413
0.02810148
-0.08366940
0.07382432
0.21174959
0.14190910
0.18022581
0.02407765
0.16765088
0.17916459
0.01388541
0.01120156
0.15522653
0.04522491
-0.20921423
-0.07616464
-0.21018820
-0.12776026
0.03953207
-0.05810891
-0.02239033
0.15382490
0.27195866
0.48552661
0.38281807
0.27841345
0.04229346
0.12766631
0.42321380
0.34454616
0.19965231
0.56472190
0.15202633
0.37783870
0.35943078
0.27497388
0.42788797
0.35739694
0.45461752
0.29267250
0.40615693
0.21561629
0.09108473
0.16265754
0.14337986
0.07003209
0.05536069
0.05381824
-0.03323570
0.09509451
0.02074191
-0.08049800
0.09496023
-0.02764059
0.25339835
0.11833170
0.16498554
0.30945600
0.14648328
0.16601129
0.16514466
-0.02076581
0.05805821
0.06041643
0.14144344
-0.17556603
-0.15709544
-0.02984893
-0.03060047
0.21431924
0.36031429
0.17640393
0.57444923
0.31395077
0.15828071
-0.13305168
0.44807645
0.17171859
0.09744475
0.23502434
0.56463407
0.20658434
0.22679468
0.27873058
-0.12439140
-0.03108849
0.12399944
0.30429565
0.14776770
0.13669553
0.31844218
0.20455196
0.28801736
0.22827166
0.37031881
0.37307421
0.27267904
0.27534153
0.23484100
0.32285196
0.11288046
0.23323175
0.30980828
0.25690146
0.14971030
0.24788540
0.14339498
-0.01894700
0.17635543
0.15412322
0.28499374
0.07075540
0.39407114
0.13583147
0.16994765
0.21678587
-0.07470702
-0.00945846
0.55798202
0.51360493
0.56945961
0.33447974
0.22343301
0.26768163
0.13107867
0.04597151
0.26059252
0.18270405
0.16696980
0.16693710
0.11414850
0.25384537
0.30935561
0.20576327
-0.08412967
0.14273333
0.21823661
0.13833897
0.14660789
0.35715265
0.23741740
0.28439196
0.26747928
0.16379193
0.39302576
0.27812812
0.31739909
0.43175330
0.39190337
0.22591572
0.23234520
0.14061130
0.32075747
0.27698087
0.54272237
0.15097586
0.22664075
0.12989146
0.24437063
0.14329011
0.45097264
0.15435880
0.16627379
-0.03618984
0.12479465
-0.01037056
0.26169555
0.01083068
0.11619425
0.07753765
0.34632044
0.29959402
0.14811100
0.30664351
0.32895842
-0.11841705
0.00152889
0.15312628
0.35768218
0.19248253
0.18934589
0.47211931
0.27891298
0.39484282
0.31367915
0.38662524
0.43729956
0.34330940
0.35970035
0.30471700
0.36511269
0.15978808
0.27637172
0.44271169
0.32686305
0.29665137
0.30431145
0.27668436
0.16320205
0.27069927
0.25471620
0.39378183
0.07845435
0.35032912
0.20337764
0.25435305
0.29886127
-0.01485806
0.04243863
0.52866738
0.71818307
0.67761687
0.45418551
0.33444451
0.45095790
0.06832635
0.19706143
0.36570935
0.37055464
0.19181103
0.09391196
0.07072713
0.14477076
0.37784940
0.24264841
-0.08794534
0.16375578
0.26371576
0.18240810
0.16437316
0.47320220
0.31520942
0.38818343
0.33247735
0.24877068
0.39855498
0.30137503
0.37167847
0.44054403
0.45712223
0.34001710
0.29038741
0.20057209
0.45298812
0.34384759
0.67199821
0.27516645
0.31875839
0.22454388
0.35703616
0.15824035
0.36694519
0.43024563
0.23007142
0.14757674
0.22282740
0.17264266
0.46709661
0.05936695
0.27259367
0.11824738
0.47463418
0.25956853
0.62963175
0.11699090
0.18717066
0.13665033
0.00635930
0.09400230
0.13399071
0.14597414
0.05873488
0.04117141
0.24149797
0.11574834
0.09739654
0.17268854
0.16040165
0.20169666
0.11731887
0.10358702
0.09032696
0.08967374
0.02749533
0.03442978
0.24001093
0.09688603
0.06820394
0.13231228
0.10525805
0.02000252
0.18310024
0.08512050
0.14820352
0.15612140
0.24837194
0.23140847
0.21328701
0.25657854
0.02405440
0.13018338
0.32307786
0.37240060
0.24783009
0.43226915
0.50691369
0.47498742
0.30385527
0.25977634
0.45183301
0.33903660
0.28667352
0.18409037
0.20732247
0.08941581
0.14905129
0.06345079
0.05463095
0.12064255
0.14259131
0.07837628
0.03819189
0.25821245
0.15634434
0.11878726
0.19697160
0.10490632
0.21394029
0.07392701
0.19171430
0.21539499
0.14284130
0.11695889
0.07166008
0.00219124
0.18761694
0.08442699
0.22323305
0.03074795
0.16493214
0.06871238
0.14114015
0.20935485
0.25131847
0.26912380
0.29902430
0.23270384
0.16212354
-0.00998031
0.40463542
0.13879349
0.34949154
0.10057772
0.43584252
0.31644265
0.30605319
0.38798301
0.09481963
0.25544390
0.24655420
0.06497639
0.11504504
0.20446566
0.27896252
0.21804487
0.21035306
0.29886287
0.21757969
0.23598512
0.25444268
0.20033199
0.26616653
0.29272497
0.27770581
0.28754994
0.20485828
0.12652697
0.14102828
0.53441291
0.23046255
0.32029610
0.25973594
0.31825710
0.14587960
0.29745312
0.22170015
0.30438852
0.17931804
0.19732273
0.27910923
0.38734835
0.45071500
-0.01118079
0.04719607
0.23440750
0.50724962
0.42482125
0.37880070
0.45525550
0.65148728
0.04177248
0.20250207
0.38503822
0.36254217
0.16421644
0.07355761
-0.02404655
0.06223399
0.26203089
0.17572183
0.09805753
0.21648906
0.25022571
0.21626998
0.17380797
0.29680936
0.22162460
0.26748751
0.26504864
0.20628547
0.23944885
0.15481341
0.22992261
0.32721212
0.26305559
0.37877133
0.24366402
0.13212411
0.52444497
0.20021728
0.42960597
0.24829590
0.36594815
0.20317515
0.32177579
0.22016770
0.22228956
0.50910362
0.29921546
0.24456304
0.45067578
0.18420044
0.51164514
0.09078079
0.43924325
0.10473462
0.36072231
0.25801390
0.33980519
0.56889892
0.54932094
0.18971002
0.08726143
0.02118206
0.06812538
0.20630789
0.13671219
0.07182487
-0.02798630
-0.05047587
0.16962562
0.05899042
-0.07283715
0.12186240
0.15990944
0.13448261
0.02953567
-0.09911173
-0.00389018
0.04627590
0.04445558
-0.00761779
-0.07916862
0.03457636
-0.27786891
-0.06675321
-0.21600873
-0.07288563
0.09147132
-0.03263886
-0.02226039
0.09928820
0.24629807
0.17526015
0.05238286
0.05009435
0.04258959
0.15562803
0.40814245
0.16884938
0.08090110
0.45320518
0.27384725
0.13205955
0.65130730
0.29054906
0.46862144
0.29720433
0.49875870
0.41631654
0.56660388
0.22025947
0.04564416
0.07951641
0.16343840
0.10772013
0.07657998
0.03232046
-0.06289813
0.18680115
0.06103053
-0.06355104
0.11761286
0.02347753
0.20511410
0.07594812
0.17629241
0.21574631
0.05203918
-0.08735698
0.03333504
-0.01739339
-0.13895715
0.03324524
0.07876920
-0.18784881
-0.18985996
-0.02656374
-0.02883747
0.17399739
0.22943781
-0.09426293
0.30026520
0.20705444
-0.13542298
-0.13670918
0.30194687
0.13982222
0.17310968
0.21447838
0.48777682
0.43897027
0.21267484
0.13424380
0.33881489
0.08894903
0.10709682
0.13341784
0.09043689
-0.07256435
0.09948263
0.07150587
0.17537077
0.00497921
-0.03457955
0.18947678
0.02758797
-0.03607875
0.13311491
0.22101476
0.20437214
0.14197228
0.01695324
0.07971019
0.14523423
-0.02485479
0.01064673
0.17807591
0.08365405
-0.12809024
-0.04041205
-0.08790605
-0.02552322
0.09917620
-0.06180205
0.11210232
0.06356671
0.29804288
0.25408693
0.19702964
0.20049654
-0.10721688
0.07332867
0.50861250
0.48945328
0.30301982
0.61340754
0.43057005
0.49138092
0.44116661
0.31362143
0.70856190
0.52376201
0.53351122
0.23483703
0.44431443
0.11579890
0.12430857
0.10092648
0.02384754
0.05348094
0.07182106
0.05080664
-0.04178280
0.18728076
0.03552686
-0.01406362
0.15766131
0.02406620
0.27369833
0.08357314
0.22308858
0.28652587
0.15866283
0.05370716
0.07648043
-0.05066493
0.12141360
0.05249166
0.24486103
-0.14961936
-0.08178203
-0.07555581
0.06655683
0.14150001
0.33089607
0.22694498
0.34778356
0.26688984
0.03996380
-0.07894802
0.66396772
0.06789187
0.29261860
0.07922170
0.68641667
0.48493965
0.33543857
0.43673772
0.51172434
0.49582481
0.48197102
0.22034294
0.10272078
0.06797624
0.07556088
0.25867613
0.19002862
0.01569378
-0.03536590
0.01014331
0.15900393
0.04212723
-0.05520801
0.11208570
0.10159841
0.09475121
0.04563665
-0.01699709
0.16981204
0.04571413
0.30614063
0.02275354
0.13580853
0.19683285
-0.10940302
-0.06103396
-0.11708925
0.10757949
0.16968602
0.10473745
-0.01161029
0.07415781
0.11885751
0.31867189
0.41078117
0.27374254
0.25088105
0.15740842
0.14368252
0.08854714
0.06323372
0.54373492
0.08808430
0.11668253
0.28882022
0.32817274
0.26350776
0.41406298
0.59950270
0.42590781
0.46040493
0.22786245
0.06319335
0.03604924
0.15929262
0.14601786
0.11332414
-0.00749486
-0.02069057
0.13486295
0.03725375
-0.05548328
0.11504210
0.03782510
0.12979434
0.09208140
0.12134931
0.37642041
0.02679081
0.15627751
0.18020484
0.15864538
0.01153111
0.18433634
0.12862553
-0.08008508
-0.09543018
0.12871740
0.03288065
0.11636759
0.13024727
0.25158896
0.62585689
0.49303130
0.21384618
0.18595846
0.53264375
0.18530807
0.24655751
0.51814861
0.54613093
0.42669226
0.09797432
0.10700775
0.21572820
0.14807121
0.42798758
0.39406426
0.33389642
0.19703129
0.22597175
0.12846293
0.35637280
0.38421125
0.15034037
0.13158843
0.19609418
0.25829166
0.19342999
0.11219855
0.24946779
0.20061407
0.22712949
0.16063105
0.08300210
0.25607263
0.10476928
0.38376093
0.16619665
0.11115811
0.24287606
0.02046072
0.09419925
-0.01852127
0.12754007
0.25222386
0.25442868
0.07957254
0.11896276
0.19385547
0.21706250
0.29520802
0.23212297
0.32519855
0.18338666
0.18513101
0.10242500
0.19073115
0.37967002
0.08472279
0.02895743
0.32012259
0.21600618
0.14165616
0.21733432
0.38241968
0.55880539
0.41862328
0.33686427
0.20086516
0.14740495
0.23157536
0.34184724
0.34034245
0.14749312
0.16618335
0.24204833
0.19028838
0.08632758
0.22989392
0.16571758
0.23292302
0.20580875
0.24570264
0.43176781
0.10594633
0.15175074
0.22687053
0.27708340
0.04404029
0.22700512
0.24265598
0.09417691
0.03644619
0.28215887
0.16390174
0.10843238
0.16017772
0.07402961
0.39238168
0.18723733
0.17787748
0.15678447
0.22880655
0.26219973
0.22269302
0.52597793
0.28203366
0.29952721
0.17690463
0.11650581
0.17568202
0.09391622
0.37259134
0.18735559
0.46418646
0.15386917
0.10153685
0.03926736
0.15362248
0.29830177
0.23410553
0.08501842
0.01444705
0.03896313
0.16721090
0.06303715
-0.08705071
0.11706546
0.13555475
0.08582297
0.06880873
-0.10464481
0.06623352
0.04685354
0.20893216
0.01318911
-0.10180405
0.05804804
-0.20396175
-0.09390003
-0.22872137
0.08743561
0.11361737
0.08603986
-0.07021844
0.05223970
0.18487992
0.19319593
0.16718357
0.09151118
0.34647944
0.31302965
0.34134501
0.14837561
0.09915793
0.55202376
0.18657542
0.04210632
0.54164255
0.41329710
0.42058747
0.40964784
0.54657129
0.47360634
0.76308632
0.18356544
0.07030928
0.09994295
0.24959027
0.18757951
0.13740743
0.08601803
0.01665170
0.12809816
0.05482201
-0.10623031
0.10216316
0.04584703
0.15123414
0.09215423
0.13035645
0.27385825
-0.00083368
-0.02553590
0.06113279
0.09283502
-0.18351135
0.02644912
0.09689467
-0.12318709
-0.21527208
0.08374027
-0.06621610
0.10084008
0.18782628
-0.01567743
0.44680145
0.32292740
-0.08201899
0.01343623
0.36635330
0.32751114
0.18292853
0.51367770
0.52040654
0.40403640
0.14025954
0.09797413
0.23309362
0.01583254
0.58244409
0.41893871
0.49695540
0.47576415
