3.013910000000000200e-01
-1.090481999999999951e+00
-1.092222999999999944e+00
-4.407229999999999759e-01
-9.212029999999999941e-01
-9.885040000000000493e-01
-8.987180000000000168e-01
-1.078074999999999894e+00
-1.130292000000000074e+00
-8.848949999999999871e-01
-1.130611999999999950e+00
-1.075787999999999967e+00
-1.200746000000000091e+00
-1.363472000000000017e+00
-1.321356999999999893e+00
-4.732700000000000240e-01
-8.286719999999999642e-01
-5.644500000000000073e-01
-1.139629999999999921e+00
-2.163619999999999988e-01
-1.171778999999999904e+00
1.111240000000000006e-01
-5.738870000000000360e-01
-2.643469999999999986e-01
-6.914259999999999851e-01
-4.273790000000000089e-01
1.574740000000000029e-01
-1.171129999999999949e-01
-6.941580000000000528e-01
-5.422400000000000553e-01
1.135167000000000037e+00
7.366759999999999975e-01
1.113833000000000073e+00
8.029929999999999568e-01
7.352910000000000279e-01
7.213910000000000045e-01
9.755770000000000275e-01
1.245611999999999941e+00
1.070718999999999976e+00
1.262500000000000080e-02
1.529068000000000094e+00
9.463099999999999845e-01
1.418398999999999965e+00
1.448153999999999941e+00
1.350746000000000002e+00
1.678112000000000048e+00
1.640331999999999901e+00
1.332017999999999924e+00
7.870899999999999563e-01
1.488480000000000025e+00
-3.551100000000000090e-02
-1.076972999999999958e+00
-7.968779999999999752e-01
-6.400010000000000421e-01
-1.043929000000000107e+00
-1.054257999999999917e+00
-1.036470999999999920e+00
-1.120905999999999958e+00
-9.458299999999999486e-01
-1.165249999999999897e+00
-1.077352000000000087e+00
-1.243916999999999939e+00
-1.154816000000000065e+00
-1.388681999999999972e+00
-1.338240000000000096e+00
-1.334267000000000092e+00
-1.056730000000000030e-01
-1.174210999999999894e+00
-1.225220000000000059e-01
-6.211309999999999887e-01
-9.089070000000000205e-01
-8.174800000000000122e-02
-7.527319999999999567e-01
-1.033810000000000007e-01
-6.558429999999999538e-01
-5.188819999999999544e-01
-6.809709999999999930e-01
-6.936059999999999448e-01
1.073142000000000040e+00
7.110779999999999879e-01
9.266069999999999585e-01
1.434258999999999951e+00
1.354700000000000015e+00
5.288420000000000343e-01
2.716439999999999966e-01
1.413904000000000050e+00
9.546390000000000153e-01
4.486600000000000033e-01
5.788170000000000259e-01
1.614098999999999950e+00
1.421837999999999935e+00
4.163879999999999804e-01
4.542530000000000179e-01
1.133129000000000053e+00
1.074348999999999998e+00
1.434911999999999965e+00
1.657591999999999954e+00
1.271756000000000109e+00
6.977700000000000014e-01
1.583728000000000025e+00
