-6.126880000000000104e-01
1.049957000000000029e+00
1.331614000000000075e+00
-1.947284000000000015e+00
5.752760000000000096e-01
1.358697999999999961e+00
-3.078170000000000073e-01
-9.007570000000000299e-01
4.125240000000000018e-01
5.342679999999999652e-01
1.539128999999999969e+00
3.270089999999999941e-01
-6.881469999999999532e-01
-1.144052999999999987e+00
-4.584829999999999739e-01
4.480709999999999971e-01
-1.516831000000000040e+00
-1.091763999999999957e+00
1.474449999999999927e-01
3.830259999999999776e-01
-1.126997000000000027e+00
5.838900000000000340e-02
-1.454910000000000092e-01
-1.020153000000000088e+00
8.079169999999999963e-01
2.029605000000000103e+00
-6.963110000000000133e-01
3.660820000000000185e-01
7.761130000000000528e-01
-1.823029999999999928e-01
9.209220000000000184e-01
2.478760000000000130e-01
1.402200000000000113e-01
4.094400000000000123e-02
-2.802160000000000206e-01
7.521229999999999860e-01
3.694259999999999766e-01
3.845290000000000097e-01
9.411690000000000333e-01
-1.078869999999999968e-01
-1.389283999999999963e+00
1.082726999999999995e+00
-4.745759999999999978e-01
6.646720000000000406e-01
-1.800921999999999912e+00
-1.682677999999999896e+00
-2.365635999999999850e+00
-7.856200000000000683e-02
1.360848999999999975e+00
1.835590999999999973e+00
-2.262540000000000107e-01
1.187626000000000071e+00
-5.267100000000000254e-02
-1.301355999999999957e+00
1.609863000000000044e+00
6.662529999999999841e-01
-3.402290000000000036e-01
-1.000262999999999902e+00
6.083199999999999719e-01
1.584978999999999916e+00
1.744400000000000117e-02
-7.593630000000000102e-01
-1.912470000000000003e-01
-1.167126000000000108e+00
-1.052592999999999890e+00
-4.305809999999999915e-01
-3.002650000000000041e-01
5.759769999999999612e-01
-2.279090000000000005e-01
-8.697559999999999736e-01
-1.350267000000000106e+00
4.124309999999999921e-01
-2.626109999999999833e-01
4.361539999999999861e-01
-7.910960000000000214e-01
1.673615000000000075e+00
6.524429999999999952e-01
7.915400000000000214e-02
6.491090000000000471e-01
4.967289999999999761e-01
-2.195991999999999944e+00
-2.177471999999999852e+00
-1.030974999999999975e+00
-4.658599999999999963e-01
-6.898670000000000080e-01
-1.756829999999999892e+00
5.699140000000000317e-01
5.983140000000000125e-01
8.694739999999999691e-01
-1.285000000000000031e-02
1.100280000000000008e-01
3.937570000000000237e-01
1.392003000000000101e+00
1.233106000000000035e+00
-4.196010000000000018e-01
7.200250000000000261e-01
-1.629836000000000062e+00
1.639359999999999984e-01
1.382068999999999992e+00
1.752820000000000045e+00
