-3.913710000000000244e-01
1.778821999999999903e+00
1.544338999999999906e+00
2.189756000000000036e+00
2.721862999999999921e+00
1.923696999999999990e+00
7.409510000000000263e-01
1.400342999999999893e+00
1.762961999999999918e+00
2.240040000000000087e-01
1.841579999999999884e-01
4.873199999999999754e-02
7.948119999999999630e-01
1.224023000000000083e+00
5.322959999999999914e-01
-6.871700000000000030e-02
1.895129999999999870e-01
5.828590000000000160e-01
3.126940000000000275e-01
3.419159999999999977e-01
3.649870000000000059e-01
-3.029939999999999856e-01
-1.901029999999999942e-01
-1.971070000000000044e-01
-1.294550000000000090e+00
-1.218261000000000038e+00
-7.026139999999999608e-01
-1.429006999999999916e+00
-1.185660000000000047e-01
-3.635059999999999958e-01
-1.513195000000000068e+00
-2.044649999999999856e+00
-1.157429000000000041e+00
2.387299999999999978e-01
-4.020750000000000157e-01
9.180859999999999577e-01
-2.411419999999999952e-01
-1.244774000000000047e+00
-4.755519999999999747e-01
-2.174000000000000151e-03
6.419600000000000306e-02
-1.284964999999999913e+00
-6.078999999999999959e-01
-1.782766000000000073e+00
-7.202049999999999841e-01
-8.334030000000000049e-01
-2.672829999999999928e-01
-5.976190000000000113e-01
8.633279999999999843e-01
2.383520000000000083e-01
-6.856550000000000145e-01
1.134257000000000071e+00
1.677559999999999885e-01
2.249594000000000094e+00
2.535207000000000210e+00
1.168584000000000067e+00
1.038578999999999919e+00
1.551592000000000082e+00
7.346099999999999852e-02
-1.540410000000000112e-01
-1.056580000000000019e-01
6.204859999999999820e-01
9.623620000000000507e-01
1.242973000000000106e+00
7.058640000000000470e-01
6.334269999999999623e-01
1.598739999999999883e-01
5.283670000000000311e-01
1.332710000000000006e-01
5.455680000000000529e-01
3.436199999999999810e-01
-2.890389999999999904e-01
-2.189730000000000010e-01
2.517399999999999846e-02
8.410800000000000221e-02
-1.306828000000000101e+00
-1.784030000000000060e-01
-7.568529999999999980e-01
-1.523617999999999917e+00
-1.918349000000000082e+00
-1.551140000000000019e-01
1.824669999999999903e-01
-6.994810000000000194e-01
-5.401669999999999527e-01
-6.810340000000000282e-01
-2.375659999999999994e-01
-2.230669999999999875e-01
-1.504124000000000017e+00
5.884169999999999678e-01
-1.804510000000000003e-01
-1.141359000000000012e+00
-1.530040999999999984e+00
-4.541649999999999854e-01
-1.059174999999999978e+00
-6.174770000000000536e-01
-1.753578999999999999e+00
-8.004360000000000364e-01
-6.324330000000000229e-01
7.099119999999999875e-01
2.286719999999999864e-01
