2.925719999999999987e-01
-4.971070000000000211e-01
-7.140360000000000040e-01
-1.399297000000000013e+00
-2.511554999999999982e+00
-2.158857999999999944e+00
-2.034910000000000052e-01
-1.104289999999999994e+00
-1.804499000000000075e+00
4.845180000000000042e-01
4.404140000000000277e-01
7.860439999999999650e-01
-9.982499999999999707e-01
-1.142022000000000093e+00
-7.848779999999999646e-01
8.915800000000000392e-01
-3.432339999999999836e-01
-1.053422000000000081e+00
-1.143772999999999929e+00
-7.453499999999999570e-01
-1.394849999999999923e+00
3.992169999999999885e-01
9.340600000000000291e-02
2.831049999999999955e-01
1.494742000000000015e+00
1.112587999999999910e+00
-2.847250000000000059e-01
8.768489999999999895e-01
-4.302079999999999793e-01
1.006156000000000050e+00
3.514820000000000166e-01
2.487273000000000067e+00
1.237592000000000025e+00
-6.600909999999999833e-01
-2.916409999999999836e-01
-8.704749999999999988e-01
1.577500000000000083e-02
1.657766000000000073e+00
9.696270000000000167e-01
6.556939999999999991e-01
1.898630000000000040e-01
1.927880999999999956e+00
2.558489999999999931e-01
8.412479999999999958e-01
-2.199570000000000136e-01
7.041960000000000441e-01
3.223509999999999986e-01
3.025399999999999756e-01
2.499379999999999935e-01
4.422079999999999900e-01
6.925839999999999774e-01
-2.064199999999999924e-01
3.629580000000000028e-01
-1.888133999999999979e+00
-2.411458999999999797e+00
-1.624138999999999999e+00
-8.565490000000000048e-01
-1.764170000000000016e+00
3.950080000000000258e-01
8.153510000000000479e-01
8.394150000000000222e-01
-1.050570000000000004e+00
-6.855839999999999712e-01
-1.008153000000000077e+00
-1.601741999999999999e+00
-8.579729999999999857e-01
3.673200000000000076e-02
-7.759489999999999998e-01
-8.502269999999999550e-01
-1.114162000000000097e+00
-1.112540000000000084e+00
3.306339999999999835e-01
6.001399999999999790e-02
4.860860000000000181e-01
3.792059999999999875e-01
1.382319000000000075e+00
-2.222600000000000131e-01
1.018677000000000055e+00
3.648020000000000151e-01
2.231183000000000138e+00
2.086299999999999960e-02
-2.100920000000000010e-01
-1.347849999999999882e-01
-3.575789999999999802e-01
-3.092820000000000014e-01
1.924589999999999912e-01
-4.585999999999999799e-03
1.161167999999999978e+00
-4.922730000000000161e-01
2.817859999999999809e-01
1.486356000000000011e+00
1.400757000000000030e+00
9.042510000000000270e-01
1.418242999999999920e+00
3.955980000000000052e-01
9.704289999999999861e-01
5.934899999999999620e-01
2.923410000000000175e-01
4.482849999999999890e-01
5.612190000000000234e-01
