-6.392799999999999594e-01
1.118664000000000103e+00
1.709384000000000015e+00
-1.232700000000000046e-01
2.277911000000000019e+00
2.418914000000000009e+00
3.273940000000000183e-01
-3.579970000000000097e-01
9.179479999999999862e-01
8.089150000000000507e-01
1.003988000000000103e+00
8.652069999999999483e-01
-6.397450000000000081e-01
-1.468876000000000071e+00
-1.075013999999999914e+00
3.491609999999999991e-01
-2.724949999999999872e-01
-5.189709999999999601e-01
-4.755809999999999760e-01
-5.521859999999999546e-01
-1.339490000000000069e+00
3.340580000000000216e-01
-3.682320000000000038e-01
2.084000000000000019e-01
-2.873099999999999959e-02
1.715270000000000072e+00
1.978469999999999951e-01
9.114449999999999497e-01
-5.074399999999999744e-02
-5.181059999999999555e-01
-5.936740000000000350e-01
-3.038622000000000156e+00
-5.682319999999999593e-01
3.147570000000000090e-01
6.448599999999999888e-01
6.202130000000000143e-01
9.623599999999999932e-01
-5.910279999999999978e-01
3.345589999999999953e-01
5.881229999999999514e-01
-2.344940000000000080e-01
1.311589999999999978e-01
-3.753650000000000042e-01
1.281609999999999916e+00
1.367269999999999874e-01
-1.019058999999999937e+00
-6.072419999999999485e-01
2.129280000000000062e-01
2.434600000000000097e-01
1.591704000000000008e+00
-1.574931999999999999e+00
1.391437999999999953e+00
-1.880680000000000129e-01
6.691099999999999826e-02
3.327961999999999865e+00
8.795889999999999542e-01
-3.220699999999999952e-02
-3.430710000000000148e-01
5.651340000000000252e-01
1.601450999999999958e+00
2.556740000000000124e-01
-9.385000000000000009e-01
-1.266410999999999953e+00
-2.053440000000000154e+00
-1.109768000000000088e+00
-1.353331000000000062e+00
2.534759999999999791e-01
-1.790410000000000057e-01
-2.474069999999999880e-01
-6.707999999999999519e-01
-1.344259000000000093e+00
2.425289999999999946e-01
-6.525619999999999754e-01
3.628299999999999859e-01
-1.116530000000000022e-01
5.745759999999999756e-01
-1.288620000000000043e-01
-1.327949999999999964e-01
-9.360600000000000032e-01
-2.805121999999999893e+00
-7.851409999999999778e-01
-5.615160000000000151e-01
5.580199999999999744e-02
-3.066800000000000082e-02
-2.918520000000000003e-01
-9.986570000000000169e-01
1.117696000000000023e+00
6.680829999999999824e-01
3.552330000000000210e-01
2.576519999999999921e-01
-7.045639999999999681e-01
-9.954110000000000458e-01
6.364589999999999970e-01
1.703669999999999907e-01
-5.769689999999999541e-01
9.000730000000000119e-01
-1.063350999999999935e+00
-2.061240000000000017e-01
4.575099999999999723e-01
1.371564000000000005e+00
