-1.432289999999999952e-01
1.053835000000000077e+00
1.018696000000000046e+00
1.406579999999999941e+00
1.803717000000000015e+00
1.749449000000000032e+00
6.953399999999999581e-01
9.537400000000000322e-01
1.321263999999999994e+00
1.335992999999999986e+00
6.543860000000000232e-01
-1.891140000000000043e-01
1.453650000000000109e+00
1.917051000000000061e+00
1.316829000000000027e+00
-3.260060000000000180e-01
-4.074369999999999936e-01
2.420400000000000051e-01
1.851629999999999943e-01
-6.746109999999999607e-01
-2.283010000000000039e-01
-2.287170000000000036e-01
-7.802199999999999414e-02
-6.924580000000000179e-01
-1.273003000000000107e+00
-1.092024000000000106e+00
-1.050348999999999977e+00
-1.207786999999999944e+00
-5.619709999999999983e-01
-5.343560000000000532e-01
-9.398840000000000527e-01
-1.692960999999999938e+00
-1.019856000000000096e+00
2.313300000000000078e-02
-4.143850000000000033e-01
5.101599999999999469e-01
1.694584000000000090e+00
-1.102138999999999980e+00
-2.719440000000000190e-01
-6.547799999999999454e-02
-5.989069999999999672e-01
-1.092160000000000020e+00
-6.152170000000000138e-01
-1.428897000000000084e+00
-1.046704000000000079e+00
-1.265200000000000102e+00
-4.412269999999999803e-01
-7.308069999999999844e-01
1.054591999999999974e+00
1.958219999999999961e-01
-2.571269999999999945e-01
9.989430000000000254e-01
2.734699999999999909e-01
1.409813999999999901e+00
2.049081999999999848e+00
1.690161999999999942e+00
8.163700000000000401e-01
1.201951999999999909e+00
1.173955000000000082e+00
3.401500000000000079e-01
-4.860400000000000276e-01
1.235228999999999910e+00
1.895022999999999902e+00
2.022043000000000035e+00
6.375159999999999716e-01
1.506027999999999922e+00
2.887400000000000036e-02
-1.541500000000000092e-01
1.479389999999999872e-01
3.162749999999999728e-01
-5.958029999999999715e-01
-3.018179999999999752e-01
-7.786099999999999965e-02
1.195250000000000062e-01
-5.271280000000000410e-01
-1.118459000000000092e+00
-4.155070000000000152e-01
-7.769749999999999712e-01
-9.188479999999999981e-01
-1.622729000000000088e+00
-6.221200000000000063e-01
-1.878370000000000040e-01
-1.103180999999999967e+00
-6.085509999999999531e-01
-1.095456999999999903e+00
-4.340970000000000106e-01
1.886006999999999989e+00
-1.264162999999999926e+00
6.159900000000000098e-02
-4.430790000000000006e-01
-1.118552999999999908e+00
-1.524316000000000004e+00
-2.135499999999999898e-02
-6.231219999999999537e-01
-6.603980000000000405e-01
-1.435840999999999923e+00
-1.298370999999999942e+00
-8.031549999999999523e-01
1.156063999999999981e+00
3.570769999999999778e-01
